22375000000,0.09360,0.24750,-0.15800,0.50000,0.50000,-0.50000,0.50000,0.00000,0.00000,0.00000
22408000000,0.09363,0.24749,-0.15798,0.50000,0.49999,-0.50001,0.50001,0.00098,-0.00037,0.00063
22441000000,0.09329,0.24746,-0.15803,0.50008,0.50001,-0.49999,0.49993,-0.01040,-0.00087,-0.00164
22474000000,0.09352,0.24750,-0.15801,0.50002,0.50000,-0.50000,0.49998,0.00693,0.00116,0.00070
22507000000,0.09359,0.24750,-0.15800,0.50000,0.50000,-0.50000,0.50000,0.00215,-0.00004,0.00019
22540000000,0.09360,0.24750,-0.15800,-0.50000,-0.50000,0.50000,-0.50000,0.00046,0.00014,0.00012
22573000000,0.09359,0.24750,-0.15800,0.50000,0.50000,-0.50000,0.50000,-0.00041,-0.00008,0.00005
22606000000,0.09359,0.24749,-0.15800,0.50001,0.50000,-0.50000,0.50000,-0.00015,-0.00032,-0.00005
22639000000,0.09358,0.24750,-0.15800,0.50001,0.50000,-0.50000,0.49999,-0.00018,0.00038,-0.00012
22672000000,0.09360,0.24750,-0.15800,-0.50000,-0.50000,0.50000,-0.50000,0.00064,-0.00002,0.00011
22705000000,0.09358,0.24748,-0.15800,0.50001,0.50000,-0.49999,0.50000,-0.00053,-0.00058,0.00002
22738000000,0.09360,0.24750,-0.15800,0.50000,0.50000,-0.50000,0.50000,0.00050,0.00058,-0.00003
22771000000,0.09360,0.24750,-0.15800,0.50000,0.50000,-0.50000,0.50000,0.00002,0.00000,0.00001
22804000000,0.09360,0.24750,-0.15800,0.50000,0.50000,-0.50000,0.50000,-0.00001,-0.00001,-0.00002
22837000000,0.09360,0.24750,-0.15800,0.50000,0.50000,-0.50000,0.50000,0.00001,0.00000,0.00001
22870000000,0.09360,0.24748,-0.15800,0.50000,0.50000,-0.50000,0.50000,0.00002,-0.00047,0.00010
22903000000,0.09360,0.24750,-0.15800,0.50000,0.50000,-0.50000,0.50000,-0.00004,0.00048,-0.00010
22936000000,0.09348,0.24747,-0.15801,0.50003,0.50000,-0.49999,0.49997,-0.00359,-0.00085,-0.00036
22969000000,0.09348,0.24748,-0.15801,0.50003,0.50000,-0.49999,0.49997,-0.00016,0.00015,-0.00002
23002000000,0.09348,0.24748,-0.15801,0.50003,0.50000,-0.49999,0.49997,-0.00001,0.00002,0.00001
23035000000,0.09348,0.24748,-0.15801,0.50003,0.50000,-0.49999,0.49997,-0.00000,-0.00002,-0.00001
23068000000,0.09348,0.24748,-0.15801,0.50003,0.50000,-0.49999,0.49997,0.00003,-0.00001,0.00001
23101000000,0.09348,0.24748,-0.15801,0.50003,0.50000,-0.49999,0.49997,-0.00004,0.00001,-0.00000
23134000000,0.09348,0.24748,-0.15801,0.50003,0.50000,-0.49999,0.49997,0.00000,-0.00000,0.00000
23167000000,0.09347,0.24748,-0.15801,0.50003,0.50000,-0.49999,0.49997,-0.00010,0.00005,-0.00002
23200000000,0.09360,0.24750,-0.15800,-0.50000,-0.50000,0.50000,-0.50000,0.00397,0.00068,0.00052
23233000000,0.09360,0.24750,-0.15800,-0.50000,-0.50000,0.50000,-0.50000,-0.00008,-0.00002,-0.00012
23266000000,0.09360,0.24750,-0.15800,0.50000,0.50000,-0.50000,0.50000,-0.00001,-0.00001,-0.00001
23299000000,0.09360,0.24750,-0.15800,0.50000,0.50000,-0.50000,0.50000,-0.00001,0.00001,0.00001
23332000000,0.09360,0.24750,-0.15800,0.50000,0.50000,-0.50000,0.50000,0.00009,-0.00004,0.00001
23365000000,0.09360,0.24750,-0.15800,0.50000,0.50000,-0.50000,0.50000,-0.00009,0.00004,-0.00001
23398000000,0.09360,0.24750,-0.15800,0.50000,0.50000,-0.50000,0.50000,-0.00001,0.00000,0.00001
23431000000,0.09360,0.24750,-0.15800,0.50000,0.50000,-0.50000,0.50000,0.00001,-0.00000,-0.00001
23464000000,0.09360,0.24751,-0.15799,-0.50000,-0.50000,0.50000,-0.50000,-0.00004,0.00021,0.00029
23497000000,0.09360,0.24750,-0.15800,-0.50000,-0.50000,0.50000,-0.50000,0.00011,-0.00014,-0.00036
23530000000,0.09360,0.24750,-0.15800,-0.50000,-0.50000,0.50000,-0.50000,0.00001,0.00000,-0.00000
23563000000,0.09360,0.24751,-0.15800,-0.50000,-0.50000,0.50000,-0.50000,0.00004,0.00009,0.00015
23596000000,0.09355,0.24732,-0.15822,0.50002,0.49999,-0.49999,0.50001,-0.00158,-0.00551,-0.00665
23629000000,0.09371,0.24700,-0.15814,0.50005,0.49996,-0.50002,0.49997,0.00480,-0.00976,0.00235
23662000000,0.09340,0.24718,-0.15525,0.50005,0.50003,-0.49992,0.50000,-0.00941,0.00546,0.08755
23695000000,0.09341,0.24698,-0.15251,0.50008,0.50000,-0.49994,0.49998,0.00032,-0.00617,0.08304
23728000000,0.09307,0.24684,-0.14956,0.50011,0.49999,-0.49997,0.49993,-0.01028,-0.00408,0.08928
23761000000,0.09321,0.24712,-0.14453,0.50005,0.49999,-0.50000,0.49996,0.00417,0.00847,0.15268
23794000000,0.09341,0.24773,-0.13804,0.49999,0.50004,-0.50001,0.49996,0.00611,0.01840,0.19666
23827000000,0.09344,0.24736,-0.13289,0.50000,0.50001,-0.50000,0.49999,0.00100,-0.01116,0.15598
23860000000,0.09340,0.24741,-0.12614,0.50002,0.50003,-0.50000,0.49995,-0.00125,0.00145,0.20448
23893000000,0.09330,0.24719,-0.11813,0.50011,0.49998,-0.50000,0.49992,-0.00294,-0.00662,0.24279
23926000000,0.09338,0.24703,-0.11023,0.50008,0.49999,-0.49998,0.49995,0.00214,-0.00481,0.23929
23992000000,0.09297,0.24724,-0.08960,0.50014,0.49998,-0.49993,0.49995,-0.00610,0.00313,0.31265
24025000000,0.09371,0.24754,-0.07894,0.49997,0.50006,-0.49992,0.50005,0.02224,0.00900,0.32304
24058000000,0.09341,0.24743,-0.06735,0.50012,0.50001,-0.49993,0.49995,-0.00912,-0.00337,0.35121
24091000000,0.09306,0.24713,-0.05568,0.50017,0.50005,-0.49989,0.49990,-0.01047,-0.00889,0.35358
24124000000,0.09338,0.24764,-0.04093,0.50004,0.50010,-0.49987,0.49998,0.00974,0.01548,0.44696
24157000000,0.09389,0.24752,-0.02675,0.49999,0.50002,-0.49995,0.50004,0.01547,-0.00382,0.42972
24190000000,0.09343,0.24761,-0.01117,0.50014,0.50004,-0.49989,0.49993,-0.01408,0.00292,0.47212
24223000000,0.09363,0.24758,0.00458,0.50003,0.50004,-0.49995,0.49998,0.00628,-0.00101,0.47737
24256000000,0.09398,0.24730,0.02047,0.50001,0.49999,-0.49996,0.50004,0.01042,-0.00837,0.48141
24289000000,0.09353,0.24737,0.03812,0.50005,0.50004,-0.49999,0.49992,-0.01367,0.00209,0.53490
24322000000,0.09306,0.24755,0.05753,0.50020,0.50002,-0.49992,0.49987,-0.01414,0.00542,0.58813
24355000000,0.09340,0.24766,0.07728,0.50009,0.50004,-0.49987,0.50000,0.01037,0.00320,0.59838
24388000000,0.09328,0.24756,0.09709,0.50013,0.50008,-0.49984,0.49995,-0.00366,-0.00307,0.60044
24421000000,0.09300,0.24757,0.11755,0.50014,0.50006,-0.49990,0.49991,-0.00843,0.00040,0.61998
24454000000,0.09348,0.24721,0.13870,0.50014,0.50000,-0.49986,0.50000,0.01440,-0.01082,0.64095
24487000000,0.09332,0.24787,0.16163,0.50013,0.49998,-0.49999,0.49990,-0.00467,0.01993,0.69463
24520000000,0.09358,0.24800,0.18537,0.50014,0.49997,-0.49998,0.49991,0.00782,0.00412,0.71954
24553000000,0.09363,0.24737,0.20796,0.50011,0.49999,-0.49996,0.49994,0.00143,-0.01919,0.68464
24586000000,0.09381,0.24754,0.22983,0.50006,0.49989,-0.49993,0.50012,0.00558,0.00497,0.66254
24619000000,0.09424,0.24756,0.25524,0.50014,0.49993,-0.49994,0.49998,0.01293,0.00087,0.77008
24652000000,0.09360,0.24775,0.28222,0.50018,0.49992,-0.49989,0.50001,-0.01954,0.00564,0.81748
24718000000,0.09373,0.24776,0.33745,0.50008,0.49997,-0.49991,0.50004,0.00208,0.00018,0.83686
24751000000,0.09388,0.24769,0.36555,0.50013,0.49995,-0.49991,0.50002,0.00437,-0.00216,0.85165
24784000000,0.09389,0.24792,0.39553,0.50019,0.49984,-0.49990,0.50007,0.00027,0.00697,0.90845
24817000000,0.09432,0.24757,0.42580,0.50018,0.49979,-0.49994,0.50009,0.01303,-0.01068,0.91709
24850000000,0.09300,0.45693,-0.24797,0.70693,-0.00025,-0.00055,0.70728,-0.03986,6.34427,-20.41710
24883000000,0.09321,0.48909,-0.24784,0.70700,-0.00026,-0.00044,0.70722,0.00631,0.97458,0.00391
24916000000,0.00180,0.60110,-0.23239,0.70785,-0.00035,-0.00022,0.70636,-2.76984,3.39419,0.46827
25015000000,0.00399,0.70791,-0.23296,0.70769,-0.00009,-0.00010,0.70652,0.02205,1.07892,-0.00578
25048000000,0.00415,0.74391,-0.23291,0.70767,-0.00026,-0.00017,0.70654,0.00490,1.09071,0.00132
25081000000,-0.00123,0.78477,-0.23473,0.70800,-0.00040,-0.00065,0.70621,-0.16290,1.23836,-0.05496
25114000000,-0.00116,0.82285,-0.23460,0.70792,-0.00042,-0.00060,0.70629,0.00211,1.15388,0.00389
25147000000,0.00260,0.85870,-0.23337,0.70766,-0.00012,-0.00017,0.70656,0.11395,1.08649,0.03729
25180000000,0.00275,0.89823,-0.23342,0.70770,-0.00017,-0.00029,0.70652,0.00428,1.19769,-0.00169
25213000000,0.00102,0.93688,-0.23344,0.70804,-0.00037,-0.00052,0.70617,-0.05238,1.17128,-0.00045
25246000000,0.00105,0.97811,-0.23334,0.70804,-0.00035,-0.00054,0.70617,0.00092,1.24923,0.00290
25279000000,0.00130,1.01964,-0.23329,0.70793,-0.00038,-0.00055,0.70628,0.00754,1.25854,0.00156
25312000000,0.00090,1.06345,-0.23308,0.70790,-0.00029,-0.00045,0.70631,-0.01184,1.32773,0.00627
25345000000,0.00104,1.10679,-0.23276,0.70793,-0.00042,-0.00046,0.70628,0.00421,1.31319,0.00979
25378000000,0.00192,1.15080,-0.23311,0.70778,-0.00033,-0.00034,0.70643,0.02667,1.33362,-0.01071
25444000000,0.00229,1.24229,-0.23275,0.70778,-0.00035,-0.00026,0.70643,0.00558,1.38621,0.00555
25477000000,0.00343,1.28718,-0.23256,0.70782,-0.00012,-0.00024,0.70639,0.03450,1.36037,0.00585
25510000000,0.00334,1.33545,-0.23273,0.70786,-0.00014,-0.00025,0.70635,-0.00279,1.46266,-0.00518
25543000000,0.00374,1.38626,-0.23285,0.70779,-0.00023,-0.00018,0.70642,0.01230,1.53991,-0.00373
25576000000,0.00379,1.43548,-0.23303,0.70779,-0.00025,-0.00022,0.70642,0.00139,1.49146,-0.00560
25609000000,0.00359,1.48521,-0.23296,0.70777,-0.00031,-0.00019,0.70644,-0.00599,1.50687,0.00221
25642000000,0.00343,1.53426,-0.23196,0.70782,-0.00031,-0.00019,0.70639,-0.00492,1.48631,0.03047
25708000000,0.00314,1.63390,-0.23216,0.70794,-0.00025,-0.00021,0.70628,-0.00444,1.50972,-0.00302
25741000000,0.00309,1.68300,-0.23205,0.70787,-0.00032,-0.00020,0.70634,-0.00149,1.48791,0.00327
25774000000,0.00299,1.73114,-0.23222,0.70791,-0.00024,-0.00023,0.70630,-0.00309,1.45897,-0.00517
25807000000,0.00304,1.78156,-0.23250,0.70794,-0.00030,-0.00025,0.70627,0.00165,1.52780,-0.00845
25873000000,0.00388,1.88120,-0.23269,0.70791,-0.00036,-0.00021,0.70630,0.01270,1.50963,-0.00299
25906000000,0.00259,1.92905,-0.23313,0.70784,-0.00043,-0.00037,0.70637,-0.03910,1.45000,-0.01314
25939000000,0.00251,1.97830,-0.23288,0.70783,-0.00034,-0.00027,0.70639,-0.00223,1.49258,0.00755
26005000000,0.00299,2.07742,-0.23302,0.70787,-0.00030,-0.00020,0.70634,0.00727,1.50172,-0.00213
26038000000,0.00291,2.12280,-0.23117,0.70791,-0.00037,-0.00032,0.70631,-0.00258,1.37517,0.05616
26071000000,0.00315,2.17300,-0.23132,0.70799,-0.00043,-0.00023,0.70623,0.00739,1.52133,-0.00469
26104000000,0.00370,2.22213,-0.23132,0.70794,-0.00041,-0.00023,0.70628,0.01657,1.48879,-0.00006
26137000000,0.00390,2.27147,-0.23139,0.70789,-0.00036,-0.00024,0.70632,0.00598,1.49511,-0.00192
26170000000,0.00417,2.32121,-0.23147,0.70789,-0.00039,-0.00027,0.70633,0.00815,1.50734,-0.00246
26203000000,0.00418,2.37413,-0.23148,0.70798,-0.00040,-0.00043,0.70623,0.00052,1.60357,-0.00029
26236000000,0.00385,2.42358,-0.23167,0.70804,-0.00037,-0.00053,0.70617,-0.01012,1.49860,-0.00592
26302000000,0.00378,2.52325,-0.23172,0.70804,-0.00032,-0.00050,0.70617,-0.00101,1.51016,-0.00079
26335000000,0.00375,2.57282,-0.23176,0.70808,-0.00038,-0.00066,0.70613,-0.00109,1.50200,-0.00114
26368000000,0.00521,2.62368,-0.23214,0.70805,-0.00017,-0.00027,0.70616,0.04423,1.54136,-0.01133
26401000000,0.00564,2.67290,-0.23196,0.70801,-0.00028,-0.00036,0.70620,0.01312,1.49133,0.00527
26434000000,0.00544,2.72202,-0.23199,0.70802,-0.00032,-0.00039,0.70619,-0.00590,1.48862,-0.00084
26467000000,0.00482,2.77148,-0.23189,0.70819,-0.00030,-0.00039,0.70602,-0.01899,1.49877,0.00298
26500000000,0.00460,2.81985,-0.23109,0.70808,-0.00041,-0.00032,0.70613,-0.00655,1.46566,0.02425
26533000000,0.00479,2.86937,-0.23111,0.70811,-0.00029,-0.00027,0.70610,0.00560,1.50061,-0.00049
26566000000,0.00495,2.91911,-0.23124,0.70812,-0.00034,-0.00035,0.70609,0.00481,1.50722,-0.00400
26599000000,0.00500,2.96809,-0.23107,0.70801,-0.00034,-0.00032,0.70620,0.00174,1.48422,0.00529
26632000000,0.00625,3.01903,-0.23208,0.70792,-0.00027,-0.00043,0.70629,0.03789,1.54372,-0.03081
26698000000,0.00645,3.11825,-0.23192,0.70796,-0.00034,-0.00047,0.70625,0.00295,1.50336,0.00250
26731000000,0.00640,3.16738,-0.23173,0.70795,-0.00033,-0.00042,0.70626,-0.00142,1.48863,0.00576
26764000000,0.00657,3.21070,-0.23009,0.70804,-0.00041,-0.00033,0.70617,0.00497,1.31293,0.04967
26797000000,0.00650,3.26088,-0.23036,0.70800,-0.00042,-0.00040,0.70621,-0.00184,1.52052,-0.00826
26830000000,0.00675,3.31025,-0.23057,0.70803,-0.00038,-0.00046,0.70618,0.00759,1.49616,-0.00643
26896000000,0.00489,3.41670,-0.23181,0.70793,-0.00027,-0.00046,0.70629,-0.02829,1.61289,-0.01872
26929000000,0.00524,3.46604,-0.23194,0.70780,-0.00020,-0.00041,0.70642,0.01073,1.49512,-0.00404
26962000000,0.00519,3.51585,-0.23194,0.70791,-0.00026,-0.00050,0.70630,-0.00142,1.50915,0.00002
26995000000,0.00476,3.56520,-0.23181,0.70795,-0.00028,-0.00051,0.70626,-0.01311,1.49564,0.00384
27028000000,0.00667,3.61245,-0.23194,0.70796,-0.00025,-0.00053,0.70626,0.05797,1.43193,-0.00392
27061000000,0.00671,3.66196,-0.23176,0.70793,-0.00023,-0.00039,0.70628,0.00108,1.50019,0.00546
27094000000,0.00689,3.71190,-0.23172,0.70791,-0.00029,-0.00043,0.70630,0.00552,1.51332,0.00117
27127000000,0.00720,3.76141,-0.23159,0.70793,-0.00016,-0.00030,0.70629,0.00939,1.50032,0.00418
27160000000,0.00896,3.80709,-0.23064,0.70781,-0.00025,-0.00040,0.70640,0.05323,1.38412,0.02882
27193000000,0.00899,3.85710,-0.23055,0.70789,-0.00030,-0.00039,0.70632,0.00103,1.51540,0.00249
27226000000,0.00871,3.90701,-0.23080,0.70792,-0.00025,-0.00041,0.70630,-0.00868,1.51251,-0.00749
27259000000,0.00875,3.95325,-0.22934,0.70785,-0.00029,-0.00026,0.70636,0.00142,1.40137,0.04427
27292000000,0.00897,4.00324,-0.22951,0.70785,-0.00034,-0.00029,0.70636,0.00668,1.51467,-0.00520
27325000000,0.00900,4.05271,-0.22950,0.70787,-0.00031,-0.00024,0.70634,0.00082,1.49929,0.00030
27358000000,0.00916,4.10218,-0.22960,0.70782,-0.00025,-0.00029,0.70639,0.00483,1.49886,-0.00307
27391000000,0.00998,4.15170,-0.22986,0.70790,-0.00040,-0.00046,0.70631,0.02495,1.50077,-0.00785
27457000000,0.00980,4.24997,-0.23013,0.70793,-0.00027,-0.00043,0.70628,-0.00276,1.48894,-0.00408
27490000000,0.01009,4.29954,-0.23003,0.70789,-0.00035,-0.00041,0.70632,0.00882,1.50199,0.00304
27556000000,0.00798,4.39998,-0.23027,0.70808,-0.00050,-0.00062,0.70613,-0.03200,1.52180,-0.00362
27589000000,0.00838,4.45032,-0.23023,0.70809,-0.00044,-0.00053,0.70613,0.01203,1.52562,0.00109
27622000000,0.00863,4.49958,-0.23015,0.70809,-0.00043,-0.00057,0.70612,0.00754,1.49267,0.00245
27655000000,0.00891,4.54920,-0.23013,0.70806,-0.00048,-0.00058,0.70615,0.00867,1.50364,0.00065
27688000000,0.00939,4.59875,-0.22995,0.70805,-0.00046,-0.00056,0.70616,0.01433,1.50140,0.00537
27721000000,0.01006,4.64748,-0.22989,0.70805,-0.00046,-0.00052,0.70616,0.02032,1.47687,0.00180
27754000000,-0.03475,4.72040,-0.22174,0.70811,-0.00057,-0.00038,0.70610,-1.35788,2.20948,0.24721
27820000000,-0.03464,4.81953,-0.22181,0.70813,-0.00067,-0.00042,0.70608,0.00170,1.50207,-0.00113
27853000000,-0.03436,4.86835,-0.22150,0.70818,-0.00064,-0.00036,0.70603,0.00861,1.47921,0.00957
27919000000,-0.03084,4.97573,-0.22341,0.70797,-0.00042,-0.00028,0.70624,0.05333,1.62706,-0.02901
27952000000,-0.03088,5.02541,-0.22363,0.70792,-0.00039,-0.00028,0.70630,-0.00114,1.50549,-0.00667
27985000000,-0.03080,5.07470,-0.22362,0.70798,-0.00045,-0.00027,0.70623,0.00232,1.49345,0.00042
28018000000,-0.03017,5.12370,-0.22336,0.70798,-0.00040,-0.00025,0.70623,0.01916,1.48504,0.00779
28084000000,-0.03695,5.21627,-0.22269,0.70820,-0.00048,-0.00036,0.70601,-0.10281,1.40245,0.01011
28117000000,-0.03667,5.26623,-0.22263,0.70818,-0.00052,-0.00028,0.70603,0.00860,1.51397,0.00198
28150000000,-0.03666,5.31598,-0.22278,0.70824,-0.00046,-0.00031,0.70597,0.00020,1.50754,-0.00464
28183000000,-0.03642,5.36532,-0.22269,0.70823,-0.00049,-0.00037,0.70598,0.00733,1.49530,0.00277
28249000000,-0.03319,5.46857,-0.22025,0.70819,-0.00054,-0.00049,0.70602,0.04895,1.56439,0.03690
28282000000,-0.03312,5.51770,-0.22015,0.70820,-0.00051,-0.00041,0.70601,0.00205,1.48877,0.00324
28315000000,-0.03268,5.56755,-0.22004,0.70818,-0.00053,-0.00046,0.70603,0.01340,1.51075,0.00331
28348000000,-0.03074,5.61623,-0.22050,0.70803,-0.00035,-0.00023,0.70618,0.05888,1.47489,-0.01395
28381000000,-0.03067,5.66580,-0.22041,0.70798,-0.00043,-0.00021,0.70623,0.00192,1.50233,0.00279
28414000000,-0.03062,5.71517,-0.22029,0.70799,-0.00047,-0.00018,0.70622,0.00160,1.49607,0.00345
28480000000,-0.03182,5.81374,-0.22048,0.70802,-0.00059,-0.00039,0.70620,-0.01817,1.49345,-0.00281
28513000000,-0.03136,5.86327,-0.22041,0.70805,-0.00054,-0.00035,0.70617,0.01404,1.50087,0.00212
28546000000,-0.03136,5.91319,-0.22031,0.70796,-0.00062,-0.00041,0.70625,-0.00002,1.51287,0.00288
28579000000,-0.03134,5.96273,-0.22028,0.70803,-0.00053,-0.00028,0.70618,0.00045,1.50114,0.00094
28612000000,-0.03135,6.01012,-0.21844,0.70806,-0.00060,-0.00019,0.70615,-0.00007,1.43599,0.05582
28678000000,-0.03114,6.10922,-0.21875,0.70811,-0.00053,-0.00031,0.70610,0.00318,1.50148,-0.00474
28744000000,-0.03124,6.20861,-0.21884,0.70806,-0.00058,-0.00025,0.70616,-0.00155,1.50601,-0.00138
28810000000,-0.03096,6.30854,-0.21910,0.70803,-0.00054,-0.00022,0.70618,0.00422,1.51399,-0.00386
28843000000,-0.02926,6.36171,-0.22032,0.70798,-0.00052,-0.00012,0.70623,0.05165,1.61138,-0.03693
28876000000,-0.02906,6.41061,-0.22019,0.70799,-0.00049,-0.00014,0.70622,0.00604,1.48187,0.00397
28909000000,-0.02902,6.45991,-0.22021,0.70810,-0.00059,-0.00025,0.70611,0.00101,1.49396,-0.00083
28942000000,-0.02920,6.50949,-0.22046,0.70805,-0.00050,-0.00027,0.70616,-0.00541,1.50230,-0.00735
29008000000,-0.02914,6.61132,-0.22017,0.70806,-0.00052,-0.00034,0.70615,0.00089,1.54292,0.00431
29041000000,-0.02858,6.66102,-0.22037,0.70804,-0.00048,-0.00030,0.70617,0.01711,1.50597,-0.00589
29074000000,-0.02838,6.71039,-0.22040,0.70801,-0.00042,-0.00033,0.70620,0.00605,1.49617,-0.00093
29107000000,-0.02854,6.75967,-0.22015,0.70800,-0.00055,-0.00030,0.70621,-0.00484,1.49314,0.00753
29140000000,-0.02636,6.79960,-0.21892,0.70775,-0.00044,-0.00007,0.70646,0.06596,1.21008,0.03719
29173000000,-0.02613,6.84882,-0.21876,0.70773,-0.00043,-0.00004,0.70648,0.00693,1.49153,0.00478
29206000000,-0.02569,6.89890,-0.21870,0.70773,-0.00045,-0.00001,0.70648,0.01343,1.51763,0.00177
29239000000,-0.02550,6.94842,-0.21873,0.70768,-0.00051,-0.00003,0.70653,0.00575,1.50056,-0.00077
29305000000,-0.02598,7.05306,-0.21949,0.70785,-0.00052,-0.00026,0.70636,-0.00732,1.58543,-0.01147
29338000000,-0.02630,7.10296,-0.21970,0.70792,-0.00054,-0.00029,0.70629,-0.00973,1.51224,-0.00656
29371000000,-0.02586,7.15213,-0.21962,0.70790,-0.00053,-0.00034,0.70631,0.01333,1.48994,0.00241
29404000000,-0.02583,7.20156,-0.21975,0.70791,-0.00048,-0.00037,0.70631,0.00111,1.49779,-0.00379
29437000000,-0.02607,7.25100,-0.21969,0.70795,-0.00054,-0.00033,0.70626,-0.00724,1.49812,0.00183
29503000000,-0.02548,7.35144,-0.21981,0.70775,-0.00039,-0.00021,0.70647,0.00895,1.52191,-0.00181
29536000000,-0.02549,7.40123,-0.21990,0.70769,-0.00037,-0.00021,0.70652,-0.00049,1.50860,-0.00271
29569000000,-0.02566,7.45081,-0.21996,0.70781,-0.00046,-0.00027,0.70641,-0.00522,1.50266,-0.00192
29602000000,-0.02548,7.50099,-0.22013,0.70786,-0.00045,-0.00034,0.70635,0.00551,1.52056,-0.00509
29635000000,-0.02458,7.54508,-0.21921,0.70789,-0.00060,-0.00035,0.70633,0.02726,1.33605,0.02785
29668000000,-0.02463,7.59468,-0.21919,0.70796,-0.00069,-0.00037,0.70626,-0.00145,1.50314,0.00056
29734000000,-0.02443,7.69420,-0.21946,0.70795,-0.00064,-0.00036,0.70626,0.00297,1.50786,-0.00409
29800000000,-0.02386,7.79350,-0.21963,0.70793,-0.00057,-0.00037,0.70628,0.00864,1.50452,-0.00255
29833000000,-0.02377,7.84303,-0.21939,0.70792,-0.00067,-0.00032,0.70629,0.00288,1.50094,0.00724
29866000000,-0.02349,7.89208,-0.21925,0.70791,-0.00062,-0.00030,0.70630,0.00851,1.48627,0.00412
29899000000,-0.02193,7.93260,-0.21683,0.70775,-0.00053,-0.00012,0.70646,0.04718,1.22801,0.07333
29932000000,-0.02201,7.98260,-0.21670,0.70782,-0.00060,-0.00013,0.70640,-0.00223,1.51501,0.00417
29998000000,-0.02159,8.08144,-0.21656,0.70782,-0.00065,-0.00013,0.70639,0.00631,1.49753,0.00203
30064000000,-0.02154,8.18048,-0.21706,0.70775,-0.00057,-0.00016,0.70646,0.00074,1.50068,-0.00748
30097000000,-0.02346,8.23191,-0.21771,0.70781,-0.00045,-0.00022,0.70640,-0.05818,1.55833,-0.01972
30130000000,-0.02334,8.28190,-0.21794,0.70790,-0.00060,-0.00017,0.70631,0.00360,1.51510,-0.00694
30163000000,-0.02295,8.33127,-0.21811,0.70789,-0.00058,-0.00020,0.70632,0.01195,1.49579,-0.00529
30229000000,-0.02278,8.43054,-0.21852,0.70783,-0.00047,-0.00026,0.70638,0.00246,1.50423,-0.00622
30295000000,-0.02250,8.53029,-0.21836,0.70782,-0.00050,-0.00025,0.70640,0.00432,1.51130,0.00250
30361000000,-0.02557,8.63462,-0.21954,0.70787,-0.00044,-0.00028,0.70634,-0.04652,1.58079,-0.01798
30394000000,-0.02605,8.68425,-0.21926,0.70798,-0.00059,-0.00029,0.70623,-0.01444,1.50386,0.00868
30427000000,-0.02583,8.73363,-0.21903,0.70790,-0.00062,-0.00023,0.70631,0.00649,1.49623,0.00683
30460000000,-0.02597,8.78276,-0.21904,0.70797,-0.00057,-0.00026,0.70624,-0.00418,1.48903,-0.00033
30493000000,-0.02265,8.84598,-0.22081,0.70790,-0.00064,-0.00039,0.70632,0.10075,1.91556,-0.05374
30526000000,-0.02239,8.89497,-0.22125,0.70789,-0.00049,-0.00049,0.70632,0.00770,1.48455,-0.01333
30559000000,-0.02239,8.94482,-0.22145,0.70789,-0.00047,-0.00052,0.70633,-0.00011,1.51059,-0.00605
30625000000,-0.02199,9.04321,-0.22099,0.70786,-0.00043,-0.00042,0.70635,0.00610,1.49081,0.00705
30658000000,-0.02309,9.08263,-0.22163,0.70794,-0.00052,-0.00048,0.70627,-0.03322,1.19452,-0.01932
30691000000,-0.02300,9.13221,-0.22134,0.70799,-0.00060,-0.00041,0.70623,0.00263,1.50244,0.00882
30724000000,-0.02326,9.18148,-0.22126,0.70798,-0.00061,-0.00043,0.70624,-0.00773,1.49296,0.00233
30757000000,-0.02308,9.23071,-0.22132,0.70802,-0.00063,-0.00049,0.70619,0.00537,1.49184,-0.00188
30790000000,-0.02017,9.27334,-0.22090,0.70781,-0.00045,-0.00026,0.70641,0.08832,1.29197,0.01268
30889000000,-0.02020,9.42178,-0.22108,0.70781,-0.00042,-0.00034,0.70640,-0.00040,1.49934,-0.00182
30922000000,-0.02024,9.47160,-0.22116,0.70782,-0.00057,-0.00036,0.70639,-0.00095,1.50975,-0.00238
30955000000,-0.02003,9.52073,-0.22104,0.70790,-0.00058,-0.00033,0.70631,0.00635,1.48880,0.00373
30988000000,-0.01655,9.57008,-0.22147,0.70789,-0.00054,-0.00030,0.70633,0.10542,1.49556,-0.01298
31021000000,-0.01687,9.61964,-0.22141,0.70803,-0.00060,-0.00029,0.70618,-0.00974,1.50175,0.00157
31054000000,-0.01687,9.66925,-0.22156,0.70803,-0.00069,-0.00038,0.70618,0.00006,1.50340,-0.00428
31120000000,-0.01634,9.76851,-0.22196,0.70795,-0.00067,-0.00058,0.70626,0.00793,1.50387,-0.00606
31186000000,-0.02114,9.87609,-0.22064,0.70813,-0.00085,-0.00055,0.70608,-0.07261,1.62999,0.02001
31219000000,-0.02084,9.92532,-0.22066,0.70817,-0.00079,-0.00052,0.70604,0.00884,1.49195,-0.00081
31285000000,-0.02071,10.02471,-0.22066,0.70820,-0.00074,-0.00041,0.70602,0.00202,1.50584,-0.00004
31318000000,-0.02051,10.07411,-0.22063,0.70815,-0.00083,-0.00046,0.70607,0.00615,1.49695,0.00103
31384000000,-0.01899,10.16304,-0.22046,0.70796,-0.00052,-0.00038,0.70625,0.02299,1.34754,0.00254
31417000000,-0.01940,10.21217,-0.22029,0.70802,-0.00053,-0.00039,0.70619,-0.01230,1.48851,0.00535
31450000000,-0.01873,10.26198,-0.22054,0.70794,-0.00043,-0.00036,0.70627,0.02034,1.50967,-0.00769
31516000000,-0.01812,10.36133,-0.22044,0.70796,-0.00046,-0.00029,0.70625,0.00924,1.50524,0.00154
31549000000,-0.01800,10.41130,-0.22039,0.70797,-0.00048,-0.00038,0.70624,0.00355,1.51420,0.00141
31582000000,-0.01987,10.46714,-0.22018,0.70805,-0.00072,-0.00034,0.70616,-0.05664,1.69199,0.00656
31615000000,-0.01944,10.51756,-0.22060,0.70808,-0.00067,-0.00030,0.70613,0.01286,1.52816,-0.01300
31648000000,-0.01916,10.56674,-0.22033,0.70804,-0.00074,-0.00032,0.70617,0.00856,1.49030,0.00830
31681000000,-0.01998,10.61287,-0.22170,0.70816,-0.00053,-0.00023,0.70605,-0.02480,1.39777,-0.04157
31714000000,-0.01925,10.66185,-0.22160,0.70805,-0.00058,-0.00023,0.70616,0.02217,1.48421,0.00302
31780000000,-0.01882,10.76072,-0.22128,0.70808,-0.00055,-0.00019,0.70614,0.00644,1.49798,0.00489
31879000000,-0.01753,10.90810,-0.22112,0.70820,-0.00060,-0.00020,0.70601,0.01305,1.48870,0.00166
31945000000,-0.01829,11.00833,-0.22068,0.70827,-0.00086,-0.00048,0.70594,-0.01158,1.51861,0.00668
31978000000,-0.01748,11.05773,-0.22046,0.70814,-0.00090,-0.00045,0.70607,0.02467,1.49712,0.00667
32011000000,-0.01622,11.10705,-0.22036,0.70795,-0.00084,-0.00042,0.70626,0.03809,1.49464,0.00299
32044000000,-0.01586,11.15636,-0.22028,0.70790,-0.00081,-0.00034,0.70631,0.01112,1.49426,0.00244
32077000000,-0.01998,11.19384,-0.21993,0.70829,-0.00090,-0.00048,0.70592,-0.12489,1.13562,0.01041
32110000000,-0.01928,11.24347,-0.22014,0.70815,-0.00081,-0.00045,0.70606,0.02099,1.50380,-0.00644
32176000000,-0.01883,11.34222,-0.21978,0.70807,-0.00085,-0.00034,0.70614,0.00682,1.49634,0.00547
32209000000,-0.01828,11.39110,-0.21974,0.70800,-0.00083,-0.00035,0.70621,0.01674,1.48100,0.00148
32308000000,-0.01332,11.55299,-0.22015,0.70770,-0.00034,0.00001,0.70651,0.05010,1.63529,-0.00417
32341000000,-0.01326,11.60302,-0.22034,0.70776,-0.00028,0.00001,0.70645,0.00184,1.51594,-0.00574
32407000000,-0.01317,11.70182,-0.22000,0.70776,-0.00032,-0.00000,0.70645,0.00135,1.49699,0.00506
32440000000,-0.01329,11.75077,-0.21978,0.70775,-0.00038,0.00006,0.70646,-0.00348,1.48325,0.00687
32473000000,-0.01237,11.79898,-0.21987,0.70761,-0.00020,-0.00025,0.70660,0.02773,1.46117,-0.00293
32506000000,-0.01214,11.84867,-0.21974,0.70754,-0.00021,-0.00011,0.70667,0.00709,1.50559,0.00421
32539000000,-0.01260,11.89809,-0.21950,0.70765,-0.00028,-0.00015,0.70657,-0.01393,1.49762,0.00722
32605000000,-0.01315,11.99778,-0.21964,0.70789,-0.00029,-0.00014,0.70633,-0.00831,1.51048,-0.00217
32638000000,-0.01213,12.04933,-0.21908,0.70772,-0.00037,-0.00017,0.70649,0.03079,1.56206,0.01709
32671000000,-0.01165,12.09853,-0.21894,0.70764,-0.00047,-0.00019,0.70657,0.01445,1.49091,0.00410
32737000000,-0.01159,12.19789,-0.21922,0.70767,-0.00036,-0.00014,0.70654,0.00096,1.50552,-0.00417
32770000000,-0.01147,12.24704,-0.21912,0.70760,-0.00039,-0.00009,0.70661,0.00353,1.48938,0.00293
32836000000,-0.01164,12.33995,-0.21876,0.70768,-0.00049,-0.00025,0.70653,-0.00257,1.40762,0.00539
32869000000,-0.01139,12.38912,-0.21856,0.70776,-0.00045,-0.00023,0.70645,0.00767,1.49016,0.00629
32902000000,-0.01080,12.43902,-0.21861,0.70770,-0.00039,-0.00017,0.70651,0.01802,1.51209,-0.00158
32935000000,-0.01060,12.48876,-0.21865,0.70768,-0.00042,-0.00016,0.70654,0.00580,1.50709,-0.00137
32968000000,-0.01033,12.53812,-0.21843,0.70769,-0.00039,0.00004,0.70652,0.00832,1.49585,0.00661
33001000000,-0.01336,12.58881,-0.21833,0.70795,-0.00043,-0.00020,0.70627,-0.09171,1.53596,0.00325
33067000000,-0.01279,12.68776,-0.21806,0.70788,-0.00045,0.00000,0.70633,0.00862,1.49926,0.00402
33100000000,-0.01290,12.73767,-0.21819,0.70793,-0.00041,-0.00008,0.70629,-0.00342,1.51261,-0.00378
33133000000,-0.01280,12.78640,-0.21831,0.70793,-0.00029,-0.00006,0.70629,0.00296,1.47652,-0.00363
33166000000,-0.01324,12.83106,-0.22056,0.70796,-0.00039,-0.00026,0.70626,-0.01327,1.35347,-0.06820
33232000000,-0.01300,12.92939,-0.22031,0.70796,-0.00049,-0.00028,0.70625,0.00368,1.48981,0.00379
33265000000,-0.01226,12.97935,-0.22040,0.70794,-0.00042,-0.00029,0.70627,0.02220,1.51400,-0.00293
33298000000,-0.01255,13.04177,-0.22012,0.70816,-0.00048,-0.00042,0.70605,-0.00871,1.89145,0.00865
33331000000,-0.01203,13.09164,-0.21999,0.70812,-0.00051,-0.00037,0.70610,0.01583,1.51134,0.00392
33364000000,-0.01197,13.14151,-0.22005,0.70811,-0.00048,-0.00035,0.70610,0.00174,1.51100,-0.00199
33397000000,-0.01189,13.19094,-0.21999,0.70808,-0.00053,-0.00035,0.70613,0.00255,1.49793,0.00209
33463000000,-0.01095,13.29867,-0.22237,0.70796,-0.00046,-0.00042,0.70625,0.01425,1.63224,-0.03620
33496000000,-0.01122,13.34830,-0.22240,0.70798,-0.00039,-0.00034,0.70623,-0.00828,1.50412,-0.00066
33529000000,-0.01134,13.39805,-0.22263,0.70788,-0.00036,-0.00043,0.70633,-0.00371,1.50741,-0.00702
33562000000,-0.01115,13.44761,-0.22272,0.70790,-0.00036,-0.00039,0.70631,0.00575,1.50189,-0.00292
33595000000,-0.01091,13.49743,-0.22272,0.70793,-0.00036,-0.00040,0.70628,0.00730,1.50970,0.00025
33661000000,-0.00807,13.58738,-0.22227,0.70799,-0.00068,-0.00052,0.70622,0.04313,1.36289,0.00676
33694000000,-0.00812,13.63728,-0.22265,0.70796,-0.00062,-0.00052,0.70625,-0.00160,1.51215,-0.01165
33727000000,-0.00809,13.68715,-0.22278,0.70807,-0.00075,-0.00062,0.70614,0.00089,1.51111,-0.00367
33760000000,-0.00660,13.73769,-0.22316,0.70810,-0.00074,-0.00074,0.70611,0.04506,1.53172,-0.01173
33793000000,-0.00644,13.78813,-0.22308,0.70810,-0.00081,-0.00062,0.70611,0.00481,1.52822,0.00261
33826000000,-0.00666,13.83705,-0.22293,0.70810,-0.00072,-0.00054,0.70611,-0.00648,1.48256,0.00442
33859000000,-0.00786,13.87837,-0.22315,0.70802,-0.00068,-0.00064,0.70619,-0.03644,1.25197,-0.00650
33925000000,-0.00843,13.97832,-0.22314,0.70807,-0.00076,-0.00065,0.70614,-0.00862,1.51443,0.00006
33991000000,-0.00612,14.07936,-0.22260,0.70757,-0.00020,0.00016,0.70665,0.03495,1.53101,0.00824
34024000000,-0.00673,14.12806,-0.22240,0.70760,-0.00038,0.00003,0.70661,-0.01848,1.47551,0.00597
34057000000,-0.00678,14.17784,-0.22251,0.70762,-0.00025,0.00006,0.70660,-0.00157,1.50860,-0.00343
34090000000,-0.00684,14.22726,-0.22259,0.70764,-0.00026,0.00000,0.70658,-0.00174,1.49756,-0.00240
34123000000,-0.00729,14.28858,-0.22331,0.70794,-0.00052,-0.00013,0.70627,-0.01376,1.85816,-0.02169
34156000000,-0.00733,14.33757,-0.22341,0.70789,-0.00055,-0.00021,0.70632,-0.00118,1.48464,-0.00299
34189000000,-0.00727,14.38742,-0.22374,0.70793,-0.00044,-0.00031,0.70628,0.00190,1.51042,-0.01014
34222000000,-0.00272,14.42996,-0.22259,0.70799,-0.00045,-0.00026,0.70622,0.13784,1.28914,0.03493
34255000000,-0.00264,14.47951,-0.22279,0.70800,-0.00047,-0.00032,0.70621,0.00248,1.50160,-0.00612
34288000000,-0.00259,14.52949,-0.22282,0.70800,-0.00047,-0.00025,0.70621,0.00149,1.51464,-0.00094
34321000000,-0.00267,14.57901,-0.22304,0.70796,-0.00046,-0.00040,0.70625,-0.00232,1.50045,-0.00650
34387000000,-0.00704,14.69011,-0.22422,0.70813,-0.00063,-0.00047,0.70608,-0.06628,1.68329,-0.01795
34420000000,-0.00643,14.73939,-0.22415,0.70800,-0.00063,-0.00046,0.70621,0.01862,1.49345,0.00215
34453000000,-0.00643,14.78882,-0.22412,0.70807,-0.00062,-0.00051,0.70614,-0.00001,1.49793,0.00100
34519000000,-0.00643,14.88275,-0.22301,0.70801,-0.00061,-0.00045,0.70621,-0.00010,1.42310,0.01673
34552000000,-0.00645,14.93182,-0.22273,0.70801,-0.00061,-0.00036,0.70620,-0.00056,1.48721,0.00864
34585000000,-0.00651,14.98128,-0.22278,0.70807,-0.00059,-0.00039,0.70614,-0.00181,1.49871,-0.00172
34618000000,-0.00598,15.02582,-0.22156,0.70801,-0.00053,-0.00032,0.70620,0.01616,1.34956,0.03708
34651000000,-0.00613,15.07484,-0.22143,0.70806,-0.00058,-0.00034,0.70616,-0.00461,1.48559,0.00402
34684000000,-0.00600,15.12419,-0.22161,0.70808,-0.00051,-0.00035,0.70613,0.00394,1.49539,-0.00547
34717000000,-0.00603,15.17371,-0.22161,0.70804,-0.00047,-0.00028,0.70617,-0.00090,1.50048,-0.00013
34750000000,-0.00520,15.22094,-0.21971,0.70823,-0.00087,-0.00033,0.70598,0.02522,1.43141,0.05766
34783000000,-0.00484,15.27038,-0.22003,0.70826,-0.00074,-0.00037,0.70596,0.01103,1.49811,-0.00973
34816000000,-0.00473,15.32012,-0.22027,0.70810,-0.00082,-0.00043,0.70611,0.00307,1.50744,-0.00739
34849000000,-0.00732,15.37045,-0.22111,0.70809,-0.00061,-0.00055,0.70613,-0.07836,1.52498,-0.02545
34882000000,-0.00643,15.41980,-0.22116,0.70803,-0.00059,-0.00045,0.70618,0.02684,1.49553,-0.00141
34948000000,-0.00641,15.51833,-0.22096,0.70802,-0.00046,-0.00045,0.70619,0.00037,1.49289,0.00307
35014000000,-0.00633,15.61701,-0.22060,0.70800,-0.00059,-0.00047,0.70621,0.00119,1.49510,0.00546
35047000000,-0.00261,15.66219,-0.22015,0.70798,-0.00068,-0.00022,0.70623,0.11286,1.36916,0.01363
35080000000,-0.00237,15.71163,-0.22015,0.70795,-0.00060,-0.00015,0.70626,0.00730,1.49811,0.00001
35146000000,-0.00193,15.81026,-0.21985,0.70794,-0.00057,-0.00007,0.70627,0.00663,1.49447,0.00458
35179000000,-0.00206,15.85943,-0.21984,0.70797,-0.00064,-0.00020,0.70624,-0.00409,1.48990,0.00032
35245000000,-0.00397,15.95940,-0.21982,0.70807,-0.00069,-0.00027,0.70614,-0.02888,1.51471,0.00022
35278000000,-0.00379,16.00884,-0.21979,0.70812,-0.00062,-0.00022,0.70609,0.00552,1.49828,0.00082
35311000000,-0.00380,16.05835,-0.21983,0.70807,-0.00070,-0.00023,0.70615,-0.00049,1.50016,-0.00121
35344000000,-0.00325,16.10549,-0.22043,0.70806,-0.00072,-0.00017,0.70615,0.01676,1.42860,-0.01798
35377000000,-0.00308,16.15585,-0.22064,0.70805,-0.00076,-0.00024,0.70616,0.00525,1.52588,-0.00652
35410000000,-0.00313,16.20545,-0.22071,0.70808,-0.00078,-0.00026,0.70613,-0.00145,1.50322,-0.00204
35476000000,-0.00326,16.30396,-0.22059,0.70812,-0.00078,-0.00020,0.70609,-0.00197,1.49247,0.00183
35509000000,-0.00332,16.35296,-0.22046,0.70809,-0.00080,-0.00021,0.70612,-0.00199,1.48490,0.00377
35575000000,-0.00189,16.44662,-0.22017,0.70816,-0.00082,-0.00029,0.70605,0.02168,1.41918,0.00450
35608000000,-0.00169,16.49542,-0.21979,0.70813,-0.00080,-0.00018,0.70609,0.00604,1.47872,0.01135
35674000000,-0.00168,16.59391,-0.22001,0.70812,-0.00080,-0.00027,0.70609,0.00019,1.49227,-0.00329
35707000000,-0.00149,16.64359,-0.22008,0.70812,-0.00076,-0.00025,0.70610,0.00569,1.50553,-0.00197
35740000000,-0.00144,16.69300,-0.21975,0.70808,-0.00073,-0.00019,0.70613,0.00146,1.49704,0.00985
35773000000,0.00029,16.74882,-0.21828,0.70805,-0.00070,-0.00016,0.70616,0.05236,1.69170,0.04461
35806000000,0.00070,16.79874,-0.21854,0.70799,-0.00071,-0.00018,0.70622,0.01252,1.51276,-0.00780
35839000000,0.00099,16.84816,-0.21843,0.70801,-0.00073,-0.00016,0.70620,0.00869,1.49750,0.00332
35872000000,0.00100,16.89748,-0.21845,0.70798,-0.00074,-0.00013,0.70623,0.00050,1.49438,-0.00080
35905000000,-0.00096,16.94546,-0.21914,0.70823,-0.00099,-0.00045,0.70598,-0.05939,1.45415,-0.02073
35938000000,-0.00078,16.99517,-0.21943,0.70823,-0.00083,-0.00039,0.70598,0.00550,1.50640,-0.00903
35971000000,-0.00095,17.04437,-0.21960,0.70824,-0.00090,-0.00053,0.70597,-0.00511,1.49085,-0.00489
36004000000,-0.00060,17.09432,-0.21978,0.70822,-0.00094,-0.00064,0.70599,0.01041,1.51357,-0.00572
36037000000,-0.00223,17.13935,-0.21889,0.70820,-0.00075,-0.00035,0.70601,-0.04919,1.36445,0.02705
36103000000,-0.00168,17.23868,-0.21879,0.70816,-0.00080,-0.00032,0.70605,0.00824,1.50510,0.00154
36136000000,-0.00176,17.28801,-0.21879,0.70820,-0.00079,-0.00032,0.70601,-0.00224,1.49467,0.00012
36169000000,-0.00143,17.33816,-0.21911,0.70820,-0.00078,-0.00040,0.70601,0.00994,1.51981,-0.00976
36202000000,0.00084,17.38833,-0.21965,0.70822,-0.00083,-0.00044,0.70599,0.06879,1.52016,-0.01642
36268000000,0.00117,17.48807,-0.21984,0.70822,-0.00088,-0.00041,0.70599,0.00501,1.51128,-0.00290
36301000000,0.00155,17.53719,-0.21995,0.70821,-0.00082,-0.00050,0.70600,0.01147,1.48843,-0.00321
36334000000,0.00013,17.58508,-0.21910,0.70815,-0.00060,-0.00022,0.70606,-0.04293,1.45126,0.02562
36367000000,0.00044,17.63498,-0.21923,0.70811,-0.00065,-0.00025,0.70611,0.00923,1.51224,-0.00386
36433000000,0.00081,17.73414,-0.21934,0.70810,-0.00061,-0.00010,0.70611,0.00554,1.50233,-0.00160
36499000000,0.00147,17.83705,-0.21878,0.70830,-0.00088,-0.00041,0.70591,0.01002,1.55932,0.00842
36565000000,0.00149,17.93560,-0.21842,0.70825,-0.00096,-0.00040,0.70596,0.00041,1.49311,0.00552
36598000000,0.00149,17.98572,-0.21879,0.70836,-0.00082,-0.00051,0.70585,-0.00000,1.51889,-0.01118
36631000000,0.00154,18.03557,-0.21881,0.70830,-0.00082,-0.00039,0.70591,0.00139,1.51050,-0.00076
36697000000,0.00015,18.13735,-0.21964,0.70810,-0.00072,-0.00027,0.70611,-0.02105,1.54218,-0.01260
36763000000,-0.00026,18.23726,-0.21990,0.70824,-0.00084,-0.00037,0.70597,-0.00625,1.51383,-0.00384
36796000000,0.00011,18.28679,-0.22006,0.70821,-0.00077,-0.00033,0.70600,0.01138,1.50085,-0.00489
36829000000,0.00037,18.33654,-0.22016,0.70818,-0.00071,-0.00033,0.70603,0.00783,1.50756,-0.00305
36895000000,0.00407,18.42478,-0.21876,0.70807,-0.00067,-0.00016,0.70614,0.05608,1.33694,0.02113
36994000000,0.00415,18.57428,-0.21922,0.70808,-0.00076,-0.00025,0.70613,0.00076,1.51014,-0.00463
37027000000,0.00401,18.62312,-0.21919,0.70813,-0.00072,-0.00020,0.70608,-0.00429,1.47976,0.00102
37093000000,0.00412,18.72256,-0.21924,0.70816,-0.00077,-0.00023,0.70605,0.00173,1.50669,-0.00077
37126000000,0.00487,18.77207,-0.21943,0.70803,-0.00074,-0.00028,0.70618,0.02267,1.50039,-0.00592
37159000000,0.00571,18.82436,-0.22014,0.70822,-0.00065,-0.00028,0.70599,0.02548,1.58443,-0.02136
37192000000,0.00573,18.87383,-0.22029,0.70826,-0.00072,-0.00035,0.70595,0.00070,1.49929,-0.00446
37258000000,0.00650,18.97280,-0.22032,0.70814,-0.00062,-0.00025,0.70607,0.01161,1.49952,-0.00059
37291000000,0.00680,19.02193,-0.22017,0.70817,-0.00066,-0.00034,0.70604,0.00907,1.48877,0.00458
37324000000,0.00515,19.07299,-0.22064,0.70823,-0.00069,-0.00039,0.70598,-0.04992,1.54721,-0.01425
37357000000,0.00519,19.12262,-0.22065,0.70822,-0.00064,-0.00034,0.70599,0.00111,1.50397,-0.00017
37423000000,0.00542,19.22193,-0.22052,0.70826,-0.00075,-0.00039,0.70595,0.00352,1.50475,0.00197
37456000000,0.00525,19.27127,-0.21926,0.70809,-0.00058,-0.00030,0.70612,-0.00510,1.49490,0.03831
37489000000,0.00562,19.32128,-0.21911,0.70812,-0.00067,-0.00025,0.70609,0.01112,1.51559,0.00438
37522000000,0.00547,19.37079,-0.21894,0.70820,-0.00075,-0.00025,0.70601,-0.00457,1.50033,0.00517
37555000000,0.00573,19.42038,-0.21901,0.70812,-0.00071,-0.00025,0.70609,0.00784,1.50264,-0.00225
37588000000,0.00593,19.46997,-0.21880,0.70817,-0.00072,-0.00023,0.70604,0.00600,1.50288,0.00638
37621000000,0.00399,19.51913,-0.22066,0.70833,-0.00077,-0.00039,0.70588,-0.05851,1.48970,-0.05616
37687000000,0.00441,19.61904,-0.11296,0.70826,0.00196,-0.00172,0.70595,0.00632,1.51368,1.63183
37720000000,0.00497,19.66744,-0.11238,0.70831,0.00192,-0.00169,0.70590,0.01694,1.46692,0.01753
37753000000,0.00511,19.71630,-0.11225,0.70828,0.00186,-0.00167,0.70593,0.00410,1.48062,0.00389
37786000000,0.00497,19.76591,-0.11211,0.70834,0.00187,-0.00174,0.70586,-0.00399,1.50311,0.00423
37819000000,0.00553,19.81516,-0.11166,0.70838,0.00188,-0.00166,0.70582,0.01672,1.49264,0.01358
37885000000,0.00578,19.91426,-0.11117,0.70829,0.00194,-0.00175,0.70592,0.00388,1.50146,0.00740
37951000000,0.00618,20.01215,-0.11000,0.70843,0.00192,-0.00165,0.70578,0.00608,1.48322,0.01779
37984000000,0.00632,20.06241,-0.10943,0.70835,0.00184,-0.00174,0.70586,0.00417,1.52293,0.01720
38050000000,0.00505,20.16053,-0.10851,0.70826,0.00182,-0.00162,0.70595,-0.01932,1.48666,0.01400
38116000000,0.00481,20.25982,-0.10825,0.70843,0.00185,-0.00165,0.70577,-0.00355,1.50441,0.00392
38149000000,0.00493,20.30905,-0.10785,0.70844,0.00171,-0.00166,0.70577,0.00341,1.49189,0.01204
38215000000,0.00534,20.40743,-0.10696,0.70841,0.00167,-0.00166,0.70579,0.00625,1.49059,0.01349
38281000000,0.00576,20.50547,-0.10617,0.70835,0.00169,-0.00168,0.70586,0.00646,1.48536,0.01203
38347000000,0.00591,20.60348,-0.10517,0.70860,0.00165,-0.00180,0.70561,0.00225,1.48510,0.01517
38413000000,0.00642,20.70376,-0.10438,0.70855,0.00161,-0.00172,0.70566,0.00775,1.51941,0.01199
38446000000,0.00705,20.75349,-0.10398,0.70845,0.00172,-0.00172,0.70575,0.01895,1.50692,0.01203
38479000000,0.00761,20.80264,-0.10360,0.70845,0.00155,-0.00170,0.70575,0.01689,1.48923,0.01140
38512000000,0.00730,20.85182,-0.10324,0.70849,0.00167,-0.00181,0.70572,-0.00918,1.49051,0.01084
38578000000,0.00736,20.94965,-0.10233,0.70849,0.00163,-0.00176,0.70572,0.00081,1.48218,0.01386
38611000000,0.00751,20.99932,-0.10201,0.70853,0.00160,-0.00172,0.70568,0.00457,1.50513,0.00959
38644000000,0.00755,21.04858,-0.10158,0.70852,0.00151,-0.00170,0.70569,0.00113,1.49293,0.01327
38677000000,0.00816,21.09802,-0.10117,0.70848,0.00152,-0.00166,0.70573,0.01852,1.49802,0.01218
38743000000,0.00852,21.19706,-0.10061,0.70848,0.00164,-0.00163,0.70573,0.00543,1.50062,0.00850
38809000000,0.00877,21.29557,-0.10016,0.70849,0.00160,-0.00173,0.70572,0.00385,1.49262,0.00688
38842000000,0.00936,21.34504,-0.09990,0.70845,0.00157,-0.00164,0.70576,0.01792,1.49889,0.00774
38908000000,0.00979,21.44361,-0.09923,0.70837,0.00167,-0.00157,0.70584,0.00651,1.49354,0.01027
38974000000,0.01020,21.54184,-0.09805,0.70845,0.00151,-0.00165,0.70575,0.00626,1.48834,0.01785
39040000000,0.01245,21.63978,-0.09765,0.70839,0.00153,-0.00170,0.70582,0.03401,1.48400,0.00596
39106000000,0.01295,21.73750,-0.09680,0.70842,0.00146,-0.00189,0.70578,0.00763,1.48056,0.01290
39139000000,0.01299,21.78596,-0.09609,0.70859,0.00133,-0.00181,0.70562,0.00104,1.46837,0.02167
39172000000,0.01341,21.83555,-0.09579,0.70848,0.00136,-0.00176,0.70573,0.01289,1.50293,0.00895
39238000000,0.01380,21.93477,-0.09540,0.70845,0.00142,-0.00179,0.70576,0.00590,1.50328,0.00590
39271000000,0.01371,21.98410,-0.09483,0.70851,0.00139,-0.00173,0.70570,-0.00281,1.49478,0.01730
39370000000,0.01449,22.13188,-0.09410,0.70858,0.00130,-0.00170,0.70563,0.00788,1.49274,0.00743
39436000000,0.01376,22.22981,-0.09363,0.70875,0.00131,-0.00204,0.70546,-0.01101,1.48377,0.00702
39469000000,-0.06645,22.23500,0.00392,0.70823,0.01166,0.00112,0.70589,-2.43057,0.15721,2.95620
39535000000,-0.06572,22.33402,0.00567,0.70803,0.01164,0.00124,0.70609,0.01099,1.50042,0.02646
39601000000,-0.06551,22.43257,0.00704,0.70810,0.01162,0.00108,0.70602,0.00318,1.49317,0.02072
39634000000,-0.08165,22.51446,0.00090,0.70856,0.01209,0.00083,0.70554,-0.48899,2.48146,-0.18594
39667000000,-0.08158,22.56407,0.00170,0.70854,0.01214,0.00091,0.70556,0.00204,1.50328,0.02429
39700000000,-0.08118,22.61360,0.00244,0.70852,0.01207,0.00075,0.70559,0.01230,1.50103,0.02229
39733000000,-0.08088,22.66303,0.00348,0.70851,0.01207,0.00086,0.70560,0.00898,1.49779,0.03176
39766000000,-0.07126,22.68114,0.00873,0.70814,0.01190,0.00134,0.70597,0.29151,0.54891,0.15883
39799000000,-0.07132,22.73075,0.00974,0.70814,0.01188,0.00141,0.70597,-0.00182,1.50328,0.03065
39832000000,-0.07125,22.77997,0.01054,0.70826,0.01184,0.00142,0.70585,0.00220,1.49143,0.02432
39898000000,-0.07167,22.87504,0.01198,0.70822,0.01193,0.00148,0.70589,-0.00648,1.44048,0.02182
39964000000,-0.07073,22.97322,0.01387,0.70821,0.01193,0.00154,0.70590,0.01434,1.48759,0.02869
40030000000,-0.07009,23.07257,0.01538,0.70819,0.01189,0.00158,0.70592,0.00963,1.50527,0.02278
40063000000,-0.06999,23.12209,0.01613,0.70815,0.01193,0.00156,0.70596,0.00294,1.50051,0.02278
40129000000,-0.06977,23.22119,0.01745,0.70819,0.01185,0.00144,0.70592,0.00343,1.50157,0.02004
40162000000,-0.08237,23.27342,0.01705,0.70880,0.01191,0.00152,0.70531,-0.38171,1.58264,-0.01214
40195000000,-0.08198,23.32281,0.01793,0.70875,0.01184,0.00156,0.70536,0.01176,1.49658,0.02671
40228000000,-0.08156,23.37306,0.01853,0.70878,0.01189,0.00163,0.70533,0.01265,1.52282,0.01799
40261000000,-0.08141,23.42209,0.01932,0.70879,0.01185,0.00148,0.70532,0.00444,1.48577,0.02405
40294000000,-0.07473,23.46810,0.02183,0.70852,0.01180,0.00163,0.70559,0.20261,1.39421,0.07610
40327000000,-0.07444,23.51805,0.02241,0.70846,0.01181,0.00168,0.70566,0.00881,1.51368,0.01750
40360000000,-0.07416,23.56731,0.02306,0.70854,0.01189,0.00174,0.70556,0.00844,1.49276,0.01981
40393000000,-0.07345,23.61491,0.02385,0.70857,0.01180,0.00155,0.70554,0.02150,1.44242,0.02372
40426000000,-0.07325,23.66442,0.02464,0.70852,0.01178,0.00156,0.70559,0.00600,1.50022,0.02405
40459000000,-0.07340,23.71342,0.02553,0.70856,0.01183,0.00162,0.70555,-0.00443,1.48507,0.02696
40525000000,-0.07336,23.81256,0.02678,0.70859,0.01187,0.00163,0.70552,0.00051,1.50207,0.01898
40591000000,-0.07318,23.91142,0.02831,0.70863,0.01175,0.00151,0.70548,0.00283,1.49793,0.02319
40624000000,-0.07295,23.96087,0.02906,0.70857,0.01182,0.00150,0.70554,0.00683,1.49837,0.02266
40657000000,-0.06989,24.01633,0.02956,0.70832,0.01188,0.00150,0.70579,0.09272,1.68049,0.01508
40690000000,-0.07020,24.06606,0.03015,0.70842,0.01183,0.00153,0.70569,-0.00922,1.50715,0.01805
40723000000,-0.07007,24.11547,0.03075,0.70849,0.01180,0.00149,0.70562,0.00376,1.49727,0.01820
40789000000,-0.07161,24.21477,0.03318,0.70861,0.01176,0.00159,0.70551,-0.02338,1.50455,0.03675
40822000000,-0.07117,24.26457,0.03367,0.70853,0.01178,0.00163,0.70558,0.01341,1.50912,0.01475
40855000000,-0.07085,24.31431,0.03418,0.70845,0.01185,0.00150,0.70566,0.00967,1.50715,0.01553
40888000000,-0.07142,24.36037,0.03593,0.70868,0.01168,0.00147,0.70543,-0.01730,1.39583,0.05293
40921000000,-0.07131,24.40938,0.03635,0.70860,0.01177,0.00151,0.70551,0.00343,1.48513,0.01275
40954000000,-0.07141,24.45874,0.03690,0.70868,0.01179,0.00146,0.70543,-0.00317,1.49582,0.01681
40987000000,-0.07123,24.50841,0.03756,0.70867,0.01179,0.00146,0.70544,0.00562,1.50513,0.01986
41053000000,-0.07061,24.60764,0.03894,0.70859,0.01173,0.00135,0.70552,0.00940,1.50348,0.02095
41086000000,-0.06920,24.65969,0.03834,0.70841,0.01192,0.00151,0.70570,0.04257,1.57703,-0.01818
41152000000,-0.06899,24.75938,0.03928,0.70834,0.01193,0.00146,0.70577,0.00319,1.51053,0.01429
41185000000,-0.06870,24.80850,0.04014,0.70842,0.01191,0.00144,0.70569,0.00890,1.48843,0.02606
41251000000,-0.06878,24.90801,0.04139,0.70849,0.01198,0.00147,0.70562,-0.00121,1.50773,0.01896
41284000000,-0.06683,24.94924,0.04320,0.70847,0.01186,0.00158,0.70564,0.05906,1.24937,0.05466
41317000000,-0.06679,24.99845,0.04407,0.70852,0.01184,0.00160,0.70559,0.00130,1.49126,0.02652
41350000000,-0.06670,25.04786,0.04474,0.70856,0.01177,0.00154,0.70555,0.00273,1.49744,0.02019
41383000000,-0.06651,25.09741,0.04552,0.70851,0.01177,0.00151,0.70560,0.00559,1.50137,0.02375
41416000000,-0.06723,25.15023,0.04601,0.70850,0.01185,0.00152,0.70561,-0.02180,1.60073,0.01477
41449000000,-0.06730,25.19967,0.04664,0.70856,0.01185,0.00150,0.70555,-0.00199,1.49808,0.01915
41515000000,-0.06618,25.29848,0.04834,0.70844,0.01191,0.00163,0.70567,0.01700,1.49712,0.02577
41548000000,-0.06575,25.34783,0.04936,0.70836,0.01185,0.00164,0.70575,0.01287,1.49542,0.03089
41581000000,-0.06479,25.39520,0.05041,0.70841,0.01183,0.00151,0.70570,0.02908,1.43560,0.03172
41647000000,-0.06510,25.49416,0.05178,0.70852,0.01180,0.00142,0.70559,-0.00472,1.49935,0.02077
41713000000,-0.06466,25.59338,0.05318,0.70857,0.01177,0.00141,0.70554,0.00672,1.50325,0.02115
41779000000,-0.06374,25.69315,0.05449,0.70849,0.01191,0.00158,0.70562,0.01395,1.51172,0.01995
41812000000,-0.06337,25.74299,0.05498,0.70844,0.01190,0.00144,0.70567,0.01130,1.51022,0.01480
41845000000,-0.06465,25.79273,0.05442,0.70875,0.01195,0.00138,0.70536,-0.03904,1.50727,-0.01704
41878000000,-0.06419,25.84237,0.05527,0.70874,0.01192,0.00147,0.70537,0.01413,1.50420,0.02591
41911000000,-0.06370,25.89216,0.05594,0.70865,0.01191,0.00150,0.70546,0.01466,1.50883,0.02009
41944000000,-0.06366,25.94163,0.05652,0.70878,0.01193,0.00143,0.70533,0.00134,1.49906,0.01774
41977000000,-0.06031,25.99250,0.05708,0.70838,0.01195,0.00143,0.70573,0.10168,1.54160,0.01676
42010000000,-0.05998,26.04155,0.05782,0.70836,0.01192,0.00144,0.70575,0.00986,1.48652,0.02271
42043000000,-0.05953,26.09128,0.05851,0.70833,0.01191,0.00142,0.70577,0.01369,1.50675,0.02066
42076000000,-0.05940,26.14087,0.05907,0.70838,0.01194,0.00145,0.70573,0.00377,1.50270,0.01698
42109000000,-0.05940,26.19059,0.05985,0.70838,0.01194,0.00149,0.70573,0.00009,1.50669,0.02388
42142000000,-0.05792,26.23987,0.06163,0.70815,0.01200,0.00152,0.70596,0.04472,1.49340,0.05380
42175000000,-0.05855,26.28895,0.06251,0.70843,0.01194,0.00156,0.70568,-0.01899,1.48744,0.02680
42208000000,-0.05843,26.33875,0.06332,0.70831,0.01190,0.00148,0.70580,0.00362,1.50912,0.02447
42241000000,-0.05829,26.38805,0.06412,0.70842,0.01190,0.00157,0.70569,0.00420,1.49386,0.02413
42274000000,-0.05755,26.43550,0.06448,0.70841,0.01203,0.00158,0.70570,0.02241,1.43774,0.01088
42373000000,-0.05667,26.58374,0.06663,0.70834,0.01195,0.00156,0.70577,0.00889,1.49744,0.02173
42439000000,-0.05649,26.68386,0.06820,0.70835,0.01201,0.00147,0.70576,0.00272,1.51683,0.02385
42472000000,-0.05658,26.73359,0.06897,0.70839,0.01195,0.00156,0.70571,-0.00250,1.50727,0.02329
42505000000,-0.05661,26.78266,0.06977,0.70843,0.01198,0.00156,0.70568,-0.00112,1.48669,0.02432
42571000000,-0.05638,26.88056,0.07225,0.70817,0.01195,0.00172,0.70594,0.00357,1.48343,0.03750
42604000000,-0.05596,26.93066,0.07271,0.70804,0.01194,0.00171,0.70607,0.01270,1.51808,0.01414
42637000000,-0.05594,26.98047,0.07347,0.70811,0.01197,0.00175,0.70599,0.00056,1.50958,0.02289
42703000000,-0.05573,27.07788,0.07523,0.70806,0.01193,0.00160,0.70605,0.00323,1.47585,0.02667
42736000000,-0.05581,27.12783,0.07567,0.70810,0.01201,0.00159,0.70601,-0.00239,1.51357,0.01326
42802000000,-0.05547,27.22713,0.07700,0.70810,0.01188,0.00157,0.70601,0.00513,1.50464,0.02021
42868000000,-0.05471,27.32579,0.07877,0.70800,0.01186,0.00159,0.70611,0.01150,1.49473,0.02673
42901000000,-0.05438,27.37505,0.07949,0.70799,0.01195,0.00170,0.70612,0.00993,1.49293,0.02205
42934000000,-0.05301,27.42151,0.07970,0.70826,0.01189,0.00171,0.70585,0.04159,1.40774,0.00628
43033000000,-0.05271,27.56871,0.08205,0.70835,0.01190,0.00164,0.70576,0.00303,1.48692,0.02371
43099000000,-0.05224,27.66758,0.08337,0.70831,0.01181,0.00153,0.70580,0.00714,1.49802,0.02003
43132000000,-0.05190,27.71696,0.08432,0.70825,0.01176,0.00158,0.70586,0.01029,1.49611,0.02883
43165000000,-0.05201,27.76610,0.08503,0.70835,0.01184,0.00154,0.70576,-0.00345,1.48935,0.02144
43198000000,-0.05268,27.81723,0.08643,0.70807,0.01184,0.00164,0.70604,-0.02037,1.54923,0.04253
43231000000,-0.05233,27.86716,0.08721,0.70804,0.01181,0.00166,0.70607,0.01059,1.51316,0.02351
43297000000,-0.05239,27.96557,0.08863,0.70803,0.01186,0.00172,0.70608,-0.00086,1.49100,0.02149
43330000000,-0.05508,28.01219,0.08926,0.70821,0.01203,0.00155,0.70590,-0.08154,1.41271,0.01929
43363000000,-0.05490,28.06211,0.08995,0.70820,0.01201,0.00157,0.70591,0.00542,1.51276,0.02090
43429000000,-0.05442,28.16127,0.09191,0.70822,0.01192,0.00169,0.70589,0.00731,1.50241,0.02967
43462000000,-0.05418,28.21032,0.09274,0.70826,0.01200,0.00179,0.70585,0.00733,1.48634,0.02523
43495000000,-0.05399,28.26003,0.09343,0.70821,0.01200,0.00173,0.70590,0.00585,1.50646,0.02097
43528000000,-0.05279,28.30654,0.09393,0.70867,0.01210,0.00176,0.70544,0.03622,1.40942,0.01507
43561000000,-0.05293,28.35646,0.09491,0.70877,0.01195,0.00184,0.70534,-0.00412,1.51282,0.02962
43594000000,-0.05240,28.40616,0.09567,0.70869,0.01198,0.00188,0.70542,0.01588,1.50594,0.02298
43660000000,-0.05226,28.50498,0.09713,0.70874,0.01202,0.00194,0.70537,0.00213,1.49724,0.02208
43693000000,-0.04486,28.55747,0.09732,0.70779,0.01212,0.00222,0.70632,0.22421,1.59056,0.00587
43759000000,-0.04513,28.65676,0.09853,0.70790,0.01210,0.00211,0.70621,-0.00399,1.50438,0.01842
43825000000,-0.04480,28.75582,0.10015,0.70786,0.01206,0.00211,0.70624,0.00487,1.50094,0.02447
43858000000,-0.04480,28.80578,0.10061,0.70781,0.01208,0.00208,0.70630,0.00022,1.51403,0.01399
43891000000,-0.04863,28.85184,0.10238,0.70822,0.01195,0.00199,0.70589,-0.11609,1.39560,0.05355
43957000000,-0.04855,28.95062,0.10374,0.70824,0.01191,0.00189,0.70587,0.00118,1.49672,0.02064
43990000000,-0.04807,28.99952,0.10472,0.70825,0.01190,0.00191,0.70586,0.01446,1.48178,0.02960
44056000000,-0.04771,29.09876,0.10602,0.70825,0.01189,0.00182,0.70586,0.00551,1.50368,0.01977
44089000000,-0.03870,29.15433,0.10305,0.70743,0.01222,0.00193,0.70667,0.27292,1.68396,-0.09017
44122000000,-0.03825,29.20343,0.10409,0.70729,0.01215,0.00192,0.70681,0.01377,1.48796,0.03153
44155000000,-0.03859,29.25263,0.10474,0.70744,0.01218,0.00192,0.70667,-0.01023,1.49068,0.01985
44221000000,-0.04825,29.34791,0.11002,0.70869,0.01195,0.00194,0.70542,-0.14648,1.44375,0.07998
44254000000,-0.04734,29.39707,0.11084,0.70845,0.01195,0.00188,0.70566,0.02765,1.48947,0.02477
44287000000,-0.04754,29.44642,0.11199,0.70862,0.01179,0.00203,0.70549,-0.00589,1.49548,0.03501
44320000000,-0.04727,29.49557,0.11299,0.70851,0.01166,0.00199,0.70560,0.00809,1.48964,0.03030
44353000000,-0.04692,29.54477,0.11390,0.70857,0.01174,0.00211,0.70554,0.01063,1.49074,0.02755
44386000000,-0.04527,29.59002,0.11425,0.70898,0.01179,0.00213,0.70512,0.04989,1.37121,0.01064
44452000000,-0.04516,29.68852,0.11555,0.70906,0.01187,0.00210,0.70505,0.00174,1.49247,0.01968
44485000000,-0.04457,29.73760,0.11650,0.70901,0.01190,0.00220,0.70510,0.01771,1.48715,0.02880
44518000000,-0.04449,29.78722,0.11716,0.70899,0.01183,0.00211,0.70512,0.00264,1.50380,0.02006
44551000000,-0.04416,29.83673,0.11812,0.70901,0.01176,0.00217,0.70509,0.01002,1.50004,0.02889
44617000000,-0.04600,29.93728,0.11969,0.70872,0.01189,0.00207,0.70539,-0.02796,1.52362,0.02375
44650000000,-0.04504,29.98688,0.12066,0.70857,0.01179,0.00214,0.70554,0.02905,1.50276,0.02964
44683000000,-0.04453,30.03666,0.12118,0.70847,0.01183,0.00207,0.70564,0.01543,1.50871,0.01571
44749000000,-0.04237,30.13401,0.12279,0.70836,0.01193,0.00220,0.70575,0.03284,1.47496,0.02432
44782000000,-0.04235,30.18419,0.12325,0.70840,0.01198,0.00218,0.70571,0.00058,1.52056,0.01399
44815000000,-0.04186,30.23393,0.12402,0.70827,0.01191,0.00216,0.70583,0.01474,1.50733,0.02343
44848000000,-0.04146,30.28382,0.12453,0.70827,0.01193,0.00215,0.70584,0.01199,1.51189,0.01547
44881000000,-0.04464,30.33156,0.12627,0.70885,0.01180,0.00223,0.70526,-0.09632,1.44664,0.05269
44947000000,-0.04364,30.42952,0.12723,0.70878,0.01187,0.00217,0.70532,0.01525,1.48424,0.01454
44980000000,-0.04320,30.47848,0.12794,0.70877,0.01194,0.00220,0.70534,0.01316,1.48345,0.02155
45013000000,-0.04314,30.52797,0.12874,0.70883,0.01190,0.00228,0.70528,0.00202,1.49993,0.02418
45046000000,-0.04321,30.57690,0.12967,0.70886,0.01179,0.00220,0.70525,-0.00216,1.48276,0.02801
45079000000,-0.04581,30.62439,0.12875,0.70908,0.01175,0.00191,0.70503,-0.07890,1.43901,-0.02759
45145000000,-0.04482,30.72152,0.13023,0.70905,0.01172,0.00189,0.70506,0.01505,1.47161,0.02229
45178000000,-0.04410,30.76987,0.13070,0.70917,0.01184,0.00192,0.70493,0.02176,1.46525,0.01438
45211000000,-0.04021,30.82041,0.13214,0.70903,0.01206,0.00212,0.70507,0.11772,1.53143,0.04356
45244000000,-0.03977,30.86753,0.13301,0.70938,0.01194,0.00209,0.70472,0.01362,1.42797,0.02638
45277000000,-0.03892,30.91416,0.13352,0.70991,0.01204,0.00211,0.70418,0.02546,1.41311,0.01549
45310000000,-0.03769,30.96083,0.13408,0.71041,0.01201,0.00214,0.70368,0.03747,1.41421,0.01708
45343000000,-0.03458,31.00858,0.13539,0.71066,0.01179,0.00195,0.70343,0.09406,1.44675,0.03948
45376000000,-0.03236,31.05428,0.13565,0.71148,0.01183,0.00189,0.70260,0.06753,1.38491,0.00800
45409000000,-0.03063,31.09957,0.13567,0.71276,0.01185,0.00173,0.70131,0.05224,1.37254,0.00046
45475000000,-0.02469,31.18880,0.13627,0.71589,0.01206,0.00182,0.69810,0.09003,1.35202,0.00923
45541000000,-0.01562,31.27888,0.13780,0.71945,0.01170,0.00181,0.69444,0.13737,1.36477,0.02311
45574000000,-0.01098,31.32601,0.13833,0.72186,0.01157,0.00181,0.69194,0.14067,1.42820,0.01614
45640000000,0.00166,31.42121,0.13962,0.72656,0.01157,0.00191,0.68701,0.19147,1.44239,0.01956
45739000000,0.02279,31.56989,0.14064,0.73414,0.01167,0.00195,0.67889,0.21347,1.50180,0.01022
45772000000,0.03190,31.61953,0.14128,0.73606,0.01171,0.00202,0.67681,0.27599,1.50438,0.01948
45805000000,0.03903,31.67035,0.14145,0.73833,0.01174,0.00198,0.67433,0.21611,1.54004,0.00517
45838000000,0.04591,31.72167,0.14344,0.73929,0.01136,0.00169,0.67329,0.20848,1.55507,0.06047
45871000000,0.05427,31.77141,0.14403,0.74124,0.01139,0.00177,0.67114,0.25351,1.50738,0.01780
45937000000,0.07141,31.86958,0.14550,0.74495,0.01126,0.00193,0.66702,0.25958,1.48741,0.02229
45970000000,0.08030,31.91813,0.14570,0.74702,0.01130,0.00180,0.66470,0.26962,1.47126,0.00597
46003000000,0.08876,31.96593,0.14642,0.74929,0.01125,0.00196,0.66215,0.25638,1.44831,0.02168
46069000000,0.10981,32.05957,0.14823,0.75378,0.01121,0.00229,0.65703,0.31895,1.41878,0.02745
46135000000,0.13055,32.15254,0.14974,0.75861,0.01101,0.00237,0.65145,0.31420,1.40872,0.02285
46201000000,0.15412,32.24569,0.15060,0.76399,0.01104,0.00259,0.64513,0.35704,1.41138,0.01313
46234000000,0.16390,32.28971,0.15129,0.76728,0.01155,0.00259,0.64120,0.29648,1.33399,0.02083
46267000000,0.17865,32.33556,0.15124,0.77012,0.01156,0.00254,0.63779,0.44688,1.38924,-0.00153
46300000000,0.19392,32.38132,0.15158,0.77348,0.01164,0.00267,0.63371,0.46286,1.38658,0.01046
46333000000,0.20943,32.42601,0.15194,0.77717,0.01160,0.00278,0.62918,0.46990,1.35445,0.01077
46366000000,0.22573,32.47062,0.15229,0.78126,0.01162,0.00286,0.62409,0.49400,1.35179,0.01052
46399000000,0.24327,32.51463,0.15253,0.78559,0.01166,0.00296,0.61863,0.53150,1.33353,0.00735
46432000000,0.26522,32.55466,0.15148,0.79110,0.01183,0.00323,0.61157,0.66531,1.21296,-0.03184
46465000000,0.28516,32.59844,0.15145,0.79632,0.01186,0.00338,0.60476,0.60413,1.32682,-0.00089
46498000000,0.30655,32.64129,0.15174,0.80192,0.01185,0.00352,0.59730,0.64800,1.29850,0.00893
46564000000,0.35493,32.72665,0.15209,0.81459,0.01179,0.00371,0.57990,0.73307,1.29324,0.00523
46597000000,0.38278,32.76921,0.15199,0.82169,0.01182,0.00378,0.56979,0.84406,1.28995,-0.00308
46630000000,0.41253,32.81132,0.15193,0.82933,0.01180,0.00402,0.55863,0.90160,1.27584,-0.00181
46696000000,0.47994,32.89339,0.15325,0.84716,0.01141,0.00436,0.53120,1.02125,1.24348,0.02002
46729000000,0.51708,32.93323,0.15283,0.85693,0.01138,0.00456,0.51529,1.12550,1.20741,-0.01285
46762000000,0.55619,32.97116,0.15249,0.86677,0.01135,0.00482,0.49855,1.18529,1.14926,-0.01002
46795000000,0.59786,33.00601,0.15181,0.87611,0.01139,0.00504,0.48196,1.26272,1.05621,-0.02075
46828000000,0.63872,33.03866,0.15143,0.88531,0.01121,0.00524,0.46484,1.23821,0.98939,-0.01154
46861000000,0.68592,33.06847,0.15121,0.89416,0.01058,0.00585,0.44759,1.43024,0.90316,-0.00677
46894000000,0.73001,33.09620,0.15049,0.90238,0.01055,0.00596,0.43077,1.33601,0.84050,-0.02160
46927000000,0.77533,33.12138,0.14981,0.91016,0.01052,0.00614,0.41409,1.37350,0.76306,-0.02060
46960000000,0.82120,33.14582,0.14892,0.91762,0.01055,0.00632,0.39727,1.38999,0.74063,-0.02717
47026000000,0.91534,33.18837,0.14758,0.93107,0.01033,0.00672,0.36464,1.42637,0.64463,-0.02027
47059000000,0.96350,33.20734,0.14700,0.93719,0.01030,0.00697,0.34860,1.45936,0.57486,-0.01768
47125000000,1.05924,33.24592,0.14362,0.94843,0.01060,0.00702,0.31674,1.45051,0.58457,-0.05121
47158000000,1.10757,33.26076,0.14338,0.95298,0.01044,0.00711,0.30277,1.46461,0.44956,-0.00702
47224000000,1.20614,33.28753,0.14214,0.96085,0.01030,0.00743,0.27679,1.49355,0.40557,-0.01883
47257000000,1.25601,33.29995,0.14149,0.96431,0.01024,0.00758,0.26446,1.51101,0.37638,-0.01973
47290000000,1.30650,33.31166,0.14070,0.96751,0.01012,0.00779,0.25252,1.53000,0.35511,-0.02401
47323000000,1.36076,33.32323,0.13885,0.97030,0.01015,0.00776,0.24157,1.64442,0.35037,-0.05604
47356000000,1.41111,33.33296,0.13814,0.97291,0.01010,0.00775,0.23082,1.52569,0.29489,-0.02158
47389000000,1.46197,33.34289,0.13750,0.97527,0.00998,0.00785,0.22064,1.54105,0.30101,-0.01929
47422000000,1.51323,33.35239,0.13674,0.97744,0.00985,0.00787,0.21084,1.55334,0.28772,-0.02315
47488000000,1.61852,33.36925,0.13484,0.98114,0.00973,0.00800,0.19289,1.59530,0.25547,-0.02866
47521000000,1.67089,33.37745,0.13420,0.98282,0.00961,0.00822,0.18415,1.58698,0.24865,-0.01947
47554000000,1.72554,33.38374,0.13122,0.98431,0.00975,0.00798,0.17600,1.65612,0.19062,-0.09030
47587000000,1.77772,33.38998,0.13029,0.98574,0.00968,0.00796,0.16779,1.58119,0.18889,-0.02833
47620000000,1.82952,33.39563,0.12971,0.98706,0.00959,0.00814,0.15987,1.56981,0.17131,-0.01744
47653000000,1.88257,33.40128,0.12871,0.98830,0.00956,0.00827,0.15200,1.60747,0.17108,-0.03037
47686000000,1.93481,33.40605,0.12789,0.98946,0.00951,0.00838,0.14428,1.58296,0.14473,-0.02469
47719000000,1.98710,33.40976,0.12788,0.99053,0.00992,0.00938,0.13658,1.58456,0.11248,-0.00044
47785000000,2.09109,33.41755,0.12530,0.99245,0.00981,0.00930,0.12194,1.57567,0.11797,-0.03903
47851000000,2.19734,33.42425,0.12249,0.99407,0.00971,0.00931,0.10790,1.60990,0.10149,-0.04259
47917000000,2.30232,33.42891,0.12001,0.99542,0.00953,0.00943,0.09467,1.59055,0.07069,-0.03758
47950000000,2.35439,33.43056,0.11923,0.99601,0.00949,0.00951,0.08817,1.57775,0.05005,-0.02385
47983000000,2.40525,33.43417,0.11873,0.99657,0.00878,0.00857,0.08180,1.54133,0.10924,-0.01501
48016000000,2.45513,33.43506,0.11801,0.99705,0.00874,0.00853,0.07574,1.51142,0.02693,-0.02199
48049000000,2.50716,33.43552,0.11705,0.99749,0.00876,0.00858,0.06971,1.57671,0.01410,-0.02897
48082000000,2.55861,33.43525,0.11625,0.99788,0.00876,0.00864,0.06397,1.55921,-0.00832,-0.02409
48148000000,2.67014,33.42990,0.11177,0.99855,0.00858,0.00992,0.05224,1.68987,-0.08098,-0.06790
48247000000,2.82394,33.42421,0.10845,0.99924,0.00835,0.00998,0.03673,1.55346,-0.05753,-0.03358
48313000000,2.92681,33.41843,0.10628,0.99954,0.00839,0.01001,0.02727,1.55872,-0.08762,-0.03291
48346000000,2.97779,33.41491,0.10475,0.99966,0.00844,0.01001,0.02261,1.54485,-0.10658,-0.04633
48445000000,3.12619,33.40775,0.10515,0.99989,0.00857,0.00863,0.00883,1.49893,-0.07233,0.00402
48478000000,3.17496,33.40417,0.10405,0.99992,0.00836,0.00859,0.00375,1.47811,-0.10831,-0.03331
48511000000,3.22511,33.39939,0.10302,0.99993,0.00827,0.00865,-0.00088,1.51957,-0.14507,-0.03110
48544000000,3.27391,33.39091,0.10218,0.99991,0.00859,0.00923,-0.00491,1.47869,-0.25674,-0.02543
48610000000,3.37427,33.37976,0.10020,0.99982,0.00855,0.00926,-0.01388,1.52067,-0.16894,-0.03002
48643000000,3.42452,33.37383,0.09900,0.99976,0.00845,0.00914,-0.01805,1.52284,-0.17975,-0.03651
48676000000,3.47476,33.36754,0.09801,0.99968,0.00839,0.00919,-0.02223,1.52226,-0.19062,-0.02974
48709000000,3.52551,33.36132,0.09692,0.99958,0.00833,0.00918,-0.02632,1.53783,-0.18854,-0.03326
48742000000,3.57611,33.35448,0.09609,0.99947,0.00828,0.00931,-0.03010,1.53353,-0.20727,-0.02504
48775000000,3.62636,33.34727,0.09533,0.99935,0.00820,0.00942,-0.03376,1.52256,-0.21836,-0.02297
48808000000,3.67925,33.34118,0.09378,0.99922,0.00810,0.00929,-0.03742,1.60279,-0.18484,-0.04689
48874000000,3.77852,33.32567,0.09154,0.99895,0.00811,0.00909,-0.04414,1.50403,-0.23495,-0.03404
48907000000,3.82817,33.31762,0.09040,0.99880,0.00803,0.00901,-0.04738,1.50458,-0.24391,-0.03452
48940000000,3.87841,33.30943,0.08965,0.99865,0.00797,0.00917,-0.05050,1.52261,-0.24830,-0.02271
48973000000,3.92853,33.30096,0.08848,0.99850,0.00790,0.00912,-0.05341,1.51870,-0.25639,-0.03547
49006000000,3.97923,33.29462,0.08781,0.99835,0.00768,0.00884,-0.05622,1.53644,-0.19224,-0.02027
49072000000,4.07848,33.27735,0.08590,0.99803,0.00747,0.00876,-0.06165,1.50378,-0.26165,-0.02897
49105000000,4.12930,33.26885,0.08529,0.99789,0.00745,0.00885,-0.06396,1.54000,-0.25767,-0.01847
49171000000,4.23329,33.25100,0.08324,0.99764,0.00739,0.00886,-0.06763,1.57564,-0.27050,-0.03105
49237000000,4.34196,33.23286,0.07971,0.99752,0.00782,0.00911,-0.06940,1.64642,-0.27483,-0.05350
49270000000,4.39239,33.22544,0.07878,0.99747,0.00779,0.00907,-0.07005,1.52813,-0.22460,-0.02804
49303000000,4.44337,33.21766,0.07770,0.99744,0.00766,0.00907,-0.07054,1.54481,-0.23605,-0.03267
49336000000,4.49343,33.21082,0.07655,0.99740,0.00758,0.00899,-0.07105,1.51714,-0.20703,-0.03497
49402000000,4.59886,33.19586,0.07515,0.99738,0.00730,0.00943,-0.07141,1.59746,-0.22674,-0.02118
49435000000,4.64632,33.18934,0.07369,0.99736,0.00732,0.00911,-0.07168,1.43811,-0.19756,-0.04442
49468000000,4.69514,33.18228,0.07239,0.99733,0.00730,0.00904,-0.07207,1.47945,-0.21385,-0.03940
49501000000,4.74376,33.17490,0.07122,0.99732,0.00731,0.00894,-0.07225,1.47331,-0.22380,-0.03551
49534000000,4.79249,33.16817,0.07039,0.99729,0.00723,0.00897,-0.07262,1.47662,-0.20391,-0.02502
49600000000,4.89203,33.15310,0.06824,0.99729,0.00718,0.00896,-0.07267,1.50821,-0.22836,-0.03250
49666000000,4.99413,33.13915,0.06702,0.99735,0.00737,0.00887,-0.07189,1.54690,-0.21125,-0.01860
49699000000,5.04346,33.13155,0.06601,0.99738,0.00745,0.00871,-0.07137,1.49478,-0.23027,-0.03052
49732000000,5.09407,33.12452,0.06519,0.99744,0.00750,0.00866,-0.07057,1.53371,-0.21316,-0.02490
49765000000,5.14564,33.11932,0.06412,0.99748,0.00746,0.00856,-0.07010,1.56286,-0.15756,-0.03223
49798000000,5.19711,33.11340,0.06311,0.99756,0.00735,0.00852,-0.06889,1.55975,-0.17952,-0.03075
49831000000,5.25045,33.10740,0.06198,0.99767,0.00778,0.00885,-0.06724,1.61622,-0.18172,-0.03430
49864000000,5.29984,33.10226,0.06098,0.99775,0.00774,0.00876,-0.06606,1.49665,-0.15559,-0.03011
49897000000,5.34862,33.09684,0.05988,0.99781,0.00785,0.00862,-0.06511,1.47837,-0.16438,-0.03334
49930000000,5.39758,33.09168,0.05894,0.99785,0.00773,0.00859,-0.06457,1.48351,-0.15629,-0.02857
49963000000,5.44664,33.08670,0.05798,0.99787,0.00767,0.00862,-0.06426,1.48663,-0.15097,-0.02918
49996000000,5.49625,33.08158,0.05714,0.99790,0.00765,0.00865,-0.06373,1.50340,-0.15513,-0.02529
50029000000,5.54342,33.07420,0.05819,0.99793,0.00773,0.00856,-0.06324,1.42940,-0.22368,0.03181
50095000000,5.64133,33.06311,0.05627,0.99805,0.00775,0.00838,-0.06144,1.48342,-0.16802,-0.02910
50128000000,5.69094,33.05833,0.05519,0.99811,0.00779,0.00824,-0.06041,1.50331,-0.14473,-0.03274
50161000000,5.74156,33.05399,0.05424,0.99818,0.00777,0.00822,-0.05930,1.53397,-0.13166,-0.02881
50194000000,5.79261,33.04955,0.05353,0.99826,0.00772,0.00832,-0.05794,1.54718,-0.13467,-0.02161
50227000000,5.84466,33.04444,0.05384,0.99836,0.00773,0.00830,-0.05603,1.57700,-0.15467,0.00937
50293000000,5.94576,33.03677,0.05219,0.99856,0.00788,0.00815,-0.05241,1.53188,-0.11629,-0.02494
50326000000,5.99547,33.03410,0.05144,0.99865,0.00786,0.00809,-0.05080,1.50652,-0.08069,-0.02267
50392000000,6.09499,33.02778,0.04995,0.99879,0.00785,0.00815,-0.04778,1.50773,-0.09577,-0.02264
50425000000,6.14444,33.02412,0.04746,0.99885,0.00792,0.00843,-0.04658,1.49850,-0.11097,-0.07554
50458000000,6.19317,33.02081,0.04642,0.99891,0.00803,0.00826,-0.04516,1.47685,-0.10034,-0.03137
50491000000,6.24138,33.01921,0.04580,0.99895,0.00794,0.00826,-0.04437,1.46094,-0.04844,-0.01894
50557000000,6.33980,33.01315,0.04387,0.99906,0.00789,0.00815,-0.04175,1.49118,-0.09178,-0.02922
50590000000,6.39316,33.01009,0.04284,0.99912,0.00785,0.00840,-0.04032,1.61693,-0.09271,-0.03107
50656000000,6.49056,33.00517,0.04089,0.99923,0.00799,0.00816,-0.03744,1.47584,-0.07456,-0.02955
50722000000,6.59236,33.00224,0.03931,0.99935,0.00804,0.00815,-0.03431,1.54229,-0.04439,-0.02390
50788000000,6.69577,33.00073,0.03968,0.99948,0.00784,0.00819,-0.03018,1.56689,-0.02289,0.00547
50821000000,6.74633,33.00025,0.03840,0.99954,0.00785,0.00805,-0.02810,1.53216,-0.01457,-0.03866
50854000000,6.79661,33.00138,0.03710,0.99959,0.00786,0.00791,-0.02645,1.52362,0.03433,-0.03950
50887000000,6.84618,33.00103,0.03620,0.99965,0.00781,0.00788,-0.02412,1.50209,-0.01087,-0.02710
50920000000,6.89759,33.00058,0.03773,0.99969,0.00806,0.00801,-0.02194,1.55775,-0.01364,0.04629
50986000000,6.99515,33.00051,0.03588,0.99977,0.00810,0.00778,-0.01823,1.47819,-0.00104,-0.02803
51052000000,7.09296,33.00160,0.03395,0.99983,0.00797,0.00762,-0.01511,1.48207,0.01659,-0.02927
51085000000,7.14136,33.00272,0.03325,0.99985,0.00792,0.00755,-0.01378,1.46659,0.03399,-0.02126
51118000000,7.19058,33.00263,0.03232,0.99987,0.00799,0.00750,-0.01192,1.49145,-0.00277,-0.02795
51151000000,7.24322,33.00306,0.03011,0.99988,0.00800,0.00778,-0.01057,1.59522,0.01295,-0.06711
51184000000,7.29152,33.00304,0.02911,0.99990,0.00811,0.00760,-0.00887,1.46354,-0.00058,-0.03014
51217000000,7.33996,33.00322,0.02832,0.99991,0.00819,0.00749,-0.00747,1.46786,0.00555,-0.02411
51250000000,7.38785,33.00806,0.02730,0.99991,0.00801,0.00729,-0.00745,1.45123,0.14646,-0.03072
51316000000,7.48677,33.00836,0.02619,0.99993,0.00784,0.00733,-0.00411,1.49884,0.00462,-0.01686
51349000000,7.53625,33.00532,0.02697,0.99993,0.00871,0.00749,-0.00202,1.49944,-0.09213,0.02344
51415000000,7.63408,33.00838,0.02533,0.99993,0.00867,0.00749,0.00008,1.48217,0.04641,-0.02482
51481000000,7.73158,33.01012,0.02372,0.99993,0.00881,0.00732,0.00257,1.47736,0.02630,-0.02439
51514000000,7.77964,33.01608,0.02280,0.99994,0.00857,0.00724,0.00197,1.45646,0.18045,-0.02786
51547000000,7.82897,33.01717,0.02205,0.99993,0.00860,0.00720,0.00342,1.49464,0.03306,-0.02277
51580000000,7.87797,33.01477,0.02340,0.99993,0.00852,0.00697,0.00527,1.48487,-0.07248,0.04098
51613000000,7.92655,33.01657,0.02247,0.99992,0.00867,0.00678,0.00607,1.47229,0.05433,-0.02821
51646000000,7.97542,33.01836,0.02185,0.99992,0.00869,0.00673,0.00694,1.48072,0.05445,-0.01875
51679000000,8.02414,33.02080,0.02109,0.99991,0.00847,0.00665,0.00763,1.47650,0.07387,-0.02288
51712000000,8.07330,33.02258,0.02041,0.99991,0.00844,0.00663,0.00852,1.48973,0.05398,-0.02078
51745000000,8.12208,33.02661,0.01975,0.99991,0.00833,0.00659,0.00860,1.47794,0.12195,-0.02000
51778000000,8.17131,33.02883,0.01941,0.99990,0.00843,0.00668,0.00920,1.49184,0.06739,-0.01037
51811000000,8.22330,33.02559,0.01994,0.99987,0.00928,0.00686,0.01145,1.57567,-0.09826,0.01612
51877000000,8.32136,33.02983,0.01853,0.99985,0.00930,0.00674,0.01295,1.48575,0.06421,-0.02134
51910000000,8.36977,33.03208,0.01780,0.99984,0.00934,0.00661,0.01339,1.46698,0.06820,-0.02219
51976000000,8.46789,33.03624,0.01658,0.99983,0.00937,0.00658,0.01476,1.48666,0.06300,-0.01838
52042000000,8.56609,33.04162,0.01558,0.99981,0.00896,0.00655,0.01599,1.48786,0.08161,-0.01521
52075000000,8.61422,33.04439,0.01474,0.99980,0.00904,0.00635,0.01643,1.45831,0.08392,-0.02558
52108000000,8.66332,33.04679,0.01427,0.99979,0.00898,0.00640,0.01707,1.48802,0.07271,-0.01421
52141000000,8.71253,33.04873,0.01384,0.99978,0.00897,0.00643,0.01769,1.49134,0.05872,-0.01288
52174000000,8.76129,33.05296,0.01307,0.99979,0.00892,0.00630,0.01756,1.47730,0.12820,-0.02341
52207000000,8.81074,33.05500,0.01254,0.99977,0.00888,0.00640,0.01835,1.49857,0.06184,-0.01610
52240000000,8.86221,33.06005,0.01360,0.99977,0.00901,0.00660,0.01834,1.55963,0.15305,0.03215
52273000000,8.91097,33.06092,0.01300,0.99975,0.00905,0.00650,0.01939,1.47762,0.02636,-0.01834
52339000000,9.00926,33.06510,0.01182,0.99973,0.00911,0.00648,0.02021,1.48922,0.06329,-0.01778
52405000000,9.10846,33.06985,0.01040,0.99972,0.00921,0.00641,0.02073,1.50315,0.07207,-0.02153
52438000000,9.15775,33.07487,0.00969,0.99973,0.00919,0.00634,0.02039,1.49348,0.15189,-0.02158
52471000000,9.20951,33.07401,0.00819,0.99970,0.00879,0.00611,0.02225,1.56856,-0.02612,-0.04548
52504000000,9.25892,33.07687,0.00758,0.99969,0.00881,0.00609,0.02248,1.49724,0.08693,-0.01848
52537000000,9.30774,33.07932,0.00711,0.99968,0.00886,0.00604,0.02290,1.47935,0.07410,-0.01406
52570000000,9.35634,33.08158,0.00666,0.99967,0.00884,0.00606,0.02336,1.47285,0.06855,-0.01373
52603000000,9.40494,33.08410,0.00619,0.99966,0.00885,0.00605,0.02371,1.47276,0.07618,-0.01437
52636000000,9.45351,33.08947,0.00559,0.99968,0.00882,0.00594,0.02312,1.47175,0.16288,-0.01812
52669000000,9.50315,33.09246,0.00492,0.99967,0.00860,0.00597,0.02360,1.50406,0.09063,-0.02017
52702000000,9.55185,33.09412,0.00427,0.99966,0.00866,0.00575,0.02384,1.47600,0.05017,-0.01988
52768000000,9.64995,33.09912,0.00283,0.99964,0.00859,0.00561,0.02475,1.48626,0.07577,-0.02175
52834000000,9.74847,33.10475,0.00140,0.99963,0.00868,0.00547,0.02509,1.49276,0.08537,-0.02175
52867000000,9.79775,33.10843,0.00086,0.99964,0.00869,0.00543,0.02496,1.49343,0.11132,-0.01629
52900000000,9.84713,33.11146,0.00044,0.99963,0.00869,0.00547,0.02524,1.49626,0.09202,-0.01254
52933000000,9.89782,33.11519,-0.00036,0.99961,0.00861,0.00570,0.02577,1.53608,0.11294,-0.02436
52966000000,9.94718,33.11798,-0.00122,0.99961,0.00864,0.00553,0.02585,1.49571,0.08462,-0.02622
52999000000,9.99610,33.12028,-0.00202,0.99960,0.00862,0.00539,0.02630,1.48256,0.06970,-0.02405
53032000000,10.04535,33.12262,-0.00238,0.99959,0.00872,0.00545,0.02654,1.49233,0.07086,-0.01085
53065000000,10.09428,33.12506,-0.00296,0.99959,0.00869,0.00545,0.02685,1.48276,0.07410,-0.01762
53098000000,10.14366,33.12994,-0.00371,0.99960,0.00862,0.00536,0.02646,1.49637,0.14785,-0.02268
53164000000,10.24263,33.13568,-0.00470,0.99959,0.00849,0.00538,0.02696,1.49952,0.08699,-0.01513
53197000000,10.28938,33.13731,-0.00466,0.99956,0.00861,0.00584,0.02771,1.41667,0.04913,0.00143
53263000000,10.38626,33.14293,-0.00580,0.99955,0.00858,0.00561,0.02825,1.46782,0.08514,-0.01730
53329000000,10.48396,33.14983,-0.00692,0.99956,0.00861,0.00561,0.02781,1.48030,0.10462,-0.01703
53395000000,10.58401,33.15403,-0.00791,0.99955,0.00855,0.00590,0.02797,1.51600,0.06369,-0.01491
53428000000,10.63123,33.15738,-0.00827,0.99957,0.00856,0.00594,0.02732,1.43077,0.10149,-0.01093
53461000000,10.67829,33.15916,-0.00848,0.99958,0.00842,0.00593,0.02693,1.42606,0.05387,-0.00641
53527000000,10.77551,33.16337,-0.00956,0.99962,0.00844,0.00599,0.02559,1.47307,0.06375,-0.01643
53560000000,10.82371,33.16611,-0.01054,0.99964,0.00858,0.00548,0.02473,1.46062,0.08300,-0.02971
53593000000,10.87300,33.16798,-0.01093,0.99965,0.00858,0.00551,0.02425,1.49351,0.05687,-0.01166
53626000000,10.92254,33.17049,-0.01143,0.99967,0.00864,0.00544,0.02369,1.50140,0.07606,-0.01524
53659000000,10.97228,33.17263,-0.01170,0.99968,0.00861,0.00555,0.02297,1.50712,0.06473,-0.00805
53692000000,11.02211,33.17439,-0.01230,0.99969,0.00862,0.00553,0.02255,1.51007,0.05341,-0.01815
53725000000,11.07329,33.17654,-0.01266,0.99971,0.00845,0.00582,0.02190,1.55102,0.06520,-0.01102
53758000000,11.12218,33.17829,-0.01302,0.99972,0.00841,0.00587,0.02123,1.48158,0.05294,-0.01101
53791000000,11.17061,33.17979,-0.01349,0.99974,0.00830,0.00583,0.02055,1.46753,0.04543,-0.01409
53857000000,11.26623,33.18178,-0.01467,0.99977,0.00836,0.00577,0.01887,1.44875,0.03011,-0.01785
53890000000,11.31326,33.18161,-0.01522,0.99979,0.00839,0.00576,0.01784,1.42519,-0.00509,-0.01672
53923000000,11.35872,33.18193,-0.01543,0.99981,0.00878,0.00609,0.01633,1.37745,0.00983,-0.00636
53956000000,11.40513,33.18150,-0.01650,0.99984,0.00868,0.00594,0.01480,1.40632,-0.01306,-0.03245
53989000000,11.45244,33.18149,-0.01712,0.99986,0.00866,0.00590,0.01288,1.43386,-0.00046,-0.01870
54022000000,11.50029,33.18044,-0.01741,0.99988,0.00873,0.00607,0.01110,1.45002,-0.03179,-0.00885
54055000000,11.54953,33.17731,-0.01899,0.99990,0.00827,0.00614,0.00918,1.49189,-0.09491,-0.04789
54088000000,11.59858,33.17562,-0.01985,0.99992,0.00831,0.00612,0.00747,1.48632,-0.05098,-0.02605
54121000000,11.64809,33.17531,-0.02021,0.99993,0.00830,0.00619,0.00548,1.50033,-0.00948,-0.01108
54187000000,11.74639,33.17141,-0.02155,0.99994,0.00830,0.00625,0.00192,1.48944,-0.05919,-0.02026
54220000000,11.79385,33.16972,-0.02285,0.99995,0.00824,0.00586,-0.00024,1.43811,-0.05098,-0.03947
54253000000,11.84103,33.16715,-0.02385,0.99995,0.00819,0.00567,-0.00214,1.42964,-0.07791,-0.03025
54286000000,11.88801,33.16434,-0.02473,0.99994,0.00819,0.00560,-0.00421,1.42389,-0.08519,-0.02666
54319000000,11.93561,33.16135,-0.02553,0.99993,0.00826,0.00554,-0.00662,1.44233,-0.09051,-0.02433
54352000000,11.98121,33.15587,-0.02530,0.99991,0.00830,0.00563,-0.00877,1.38170,-0.16623,0.00704
54385000000,12.02964,33.15253,-0.02586,0.99988,0.00832,0.00562,-0.01143,1.46756,-0.10115,-0.01684
54451000000,12.12862,33.14539,-0.02706,0.99981,0.00820,0.00562,-0.01667,1.49980,-0.10820,-0.01827
54484000000,12.17911,33.14057,-0.02780,0.99977,0.00819,0.00561,-0.01892,1.52981,-0.14611,-0.02242
54517000000,12.22945,33.13625,-0.02853,0.99972,0.00807,0.00566,-0.02128,1.52550,-0.13074,-0.02206
54550000000,12.28164,33.13197,-0.03058,0.99968,0.00764,0.00525,-0.02351,1.58148,-0.12982,-0.06219
54583000000,12.33095,33.12675,-0.03121,0.99963,0.00767,0.00514,-0.02561,1.49429,-0.15825,-0.01892
54616000000,12.38033,33.12145,-0.03179,0.99957,0.00773,0.00511,-0.02773,1.49652,-0.16056,-0.01753
54649000000,12.43024,33.11624,-0.03227,0.99951,0.00780,0.00512,-0.02986,1.51233,-0.15779,-0.01460
54715000000,12.52986,33.10514,-0.03289,0.99940,0.00769,0.00525,-0.03350,1.50935,-0.16814,-0.00948
54748000000,12.57999,33.09962,-0.03342,0.99933,0.00769,0.00528,-0.03530,1.51917,-0.16738,-0.01607
54781000000,12.63008,33.09452,-0.03389,0.99926,0.00762,0.00539,-0.03723,1.51802,-0.15467,-0.01404
54814000000,12.68090,33.09010,-0.03467,0.99919,0.00786,0.00490,-0.03918,1.53975,-0.13375,-0.02367
54880000000,12.77940,33.07893,-0.03578,0.99905,0.00785,0.00488,-0.04267,1.49253,-0.16935,-0.01690
54946000000,12.87896,33.06747,-0.03726,0.99891,0.00778,0.00477,-0.04586,1.50838,-0.17351,-0.02238
55012000000,12.97845,33.05431,-0.03874,0.99878,0.00790,0.00472,-0.04854,1.50741,-0.19940,-0.02234
55045000000,13.02801,33.04890,-0.03913,0.99869,0.00785,0.00474,-0.05028,1.50195,-0.16392,-0.01188
55078000000,13.07750,33.04262,-0.03883,0.99864,0.00745,0.00510,-0.05127,1.49961,-0.19039,0.00914
55111000000,13.12656,33.03579,-0.03936,0.99858,0.00742,0.00505,-0.05246,1.48689,-0.20692,-0.01625
55144000000,13.17592,33.02896,-0.04012,0.99852,0.00742,0.00497,-0.05370,1.49559,-0.20715,-0.02303
55210000000,13.27444,33.01488,-0.04165,0.99840,0.00745,0.00484,-0.05590,1.49273,-0.21322,-0.02322
55276000000,13.37364,33.00185,-0.04256,0.99825,0.00751,0.00499,-0.05844,1.50308,-0.19744,-0.01365
55309000000,13.42759,32.99599,-0.04384,0.99819,0.00741,0.00506,-0.05944,1.63486,-0.17779,-0.03881
55342000000,13.47628,32.98899,-0.04452,0.99813,0.00731,0.00499,-0.06044,1.47531,-0.21189,-0.02078
55375000000,13.52502,32.98161,-0.04559,0.99808,0.00737,0.00471,-0.06131,1.47707,-0.22391,-0.03235
55441000000,13.62248,32.96634,-0.04683,0.99797,0.00745,0.00461,-0.06312,1.47658,-0.23131,-0.01881
55474000000,13.67046,32.95971,-0.04731,0.99788,0.00750,0.00466,-0.06449,1.45404,-0.20102,-0.01446
55507000000,13.71869,32.95193,-0.04795,0.99782,0.00744,0.00461,-0.06547,1.46149,-0.23570,-0.01933
55540000000,13.76172,32.94505,-0.04599,0.99767,0.00752,0.00462,-0.06769,1.30396,-0.20831,0.05924
55606000000,13.85503,32.92879,-0.04717,0.99747,0.00748,0.00454,-0.07057,1.41376,-0.24634,-0.01783
55639000000,13.90101,32.92024,-0.04757,0.99734,0.00746,0.00452,-0.07242,1.39343,-0.25928,-0.01219
55672000000,13.94645,32.91068,-0.04822,0.99720,0.00752,0.00444,-0.07426,1.37693,-0.28969,-0.01970
55705000000,13.99206,32.90199,-0.04903,0.99699,0.00758,0.00440,-0.07698,1.38205,-0.26333,-0.02453
55738000000,14.03912,32.88928,-0.05024,0.99685,0.00775,0.00451,-0.07881,1.42626,-0.38517,-0.03682
55771000000,14.08374,32.87886,-0.05079,0.99659,0.00782,0.00459,-0.08198,1.35214,-0.31581,-0.01666
55804000000,14.12777,32.86765,-0.05163,0.99631,0.00780,0.00447,-0.08530,1.33405,-0.33974,-0.02521
55837000000,14.17056,32.85596,-0.05222,0.99597,0.00782,0.00448,-0.08924,1.29671,-0.35407,-0.01788
55870000000,14.21383,32.84310,-0.05283,0.99558,0.00776,0.00440,-0.09354,1.31136,-0.38979,-0.01873
55903000000,14.25690,32.82905,-0.05352,0.99514,0.00777,0.00440,-0.09809,1.30497,-0.42563,-0.02083
55936000000,14.29966,32.81488,-0.05410,0.99457,0.00781,0.00446,-0.10364,1.29593,-0.42944,-0.01751
55969000000,14.34207,32.79903,-0.05464,0.99395,0.00779,0.00452,-0.10943,1.28495,-0.48019,-0.01630
56002000000,14.38445,32.78081,-0.05490,0.99331,0.00776,0.00432,-0.11510,1.28440,-0.55232,-0.00791
56068000000,14.46695,32.74327,-0.05595,0.99146,0.00771,0.00437,-0.13012,1.25001,-0.56879,-0.01591
56101000000,14.50783,32.72251,-0.05664,0.99026,0.00776,0.00431,-0.13896,1.23874,-0.62896,-0.02109
56167000000,14.58998,32.67696,-0.05785,0.98709,0.00766,0.00439,-0.15993,1.24469,-0.69023,-0.01831
56200000000,14.63064,32.65067,-0.05887,0.98508,0.00760,0.00438,-0.17187,1.23215,-0.79646,-0.03096
56233000000,14.67061,32.62273,-0.05957,0.98265,0.00757,0.00457,-0.18528,1.21128,-0.84686,-0.02120
56266000000,14.71438,32.59458,-0.06072,0.97947,0.00718,0.00415,-0.20143,1.32630,-0.85299,-0.03464
56299000000,14.75242,32.56103,-0.06158,0.97610,0.00719,0.00418,-0.21715,1.15276,-1.01667,-0.02601
56332000000,14.79025,32.52472,-0.06258,0.97217,0.00725,0.00422,-0.23414,1.14617,-1.10037,-0.03046
56365000000,14.82681,32.48600,-0.06341,0.96773,0.00729,0.00434,-0.25184,1.10811,-1.17331,-0.02510
56398000000,14.86168,32.44593,-0.06434,0.96295,0.00711,0.00443,-0.26957,1.05653,-1.21411,-0.02826
56431000000,14.89461,32.40497,-0.06540,0.95784,0.00704,0.00445,-0.28720,0.99780,-1.24116,-0.03206
56464000000,14.92578,32.36273,-0.06580,0.95253,0.00710,0.00477,-0.30432,0.94457,-1.28012,-0.01203
56497000000,14.95564,32.31453,-0.06890,0.94703,0.00808,0.00508,-0.32101,0.90489,-1.46057,-0.09393
56563000000,15.00858,32.22557,-0.07068,0.93537,0.00800,0.00526,-0.35354,0.80221,-1.34792,-0.02703
56596000000,15.03297,32.17970,-0.07175,0.92939,0.00806,0.00539,-0.36898,0.73901,-1.38994,-0.03237
56662000000,15.07738,32.08679,-0.07342,0.91734,0.00801,0.00578,-0.39798,0.67289,-1.40774,-0.02528
56728000000,15.11984,31.99405,-0.07860,0.90625,0.00835,0.00588,-0.42262,0.64334,-1.40514,-0.07850
56761000000,15.13891,31.94796,-0.07929,0.90074,0.00822,0.00599,-0.43423,0.57790,-1.39670,-0.02104
56794000000,15.15712,31.89969,-0.08056,0.89561,0.00817,0.00600,-0.44472,0.55163,-1.46265,-0.03840
56827000000,15.17390,31.84796,-0.08185,0.89067,0.00814,0.00621,-0.45454,0.50854,-1.56772,-0.03912
56860000000,15.19098,31.80034,-0.08287,0.88572,0.00806,0.00629,-0.46412,0.51770,-1.44288,-0.03077
56893000000,15.20783,31.75235,-0.08386,0.88091,0.00796,0.00631,-0.47318,0.51045,-1.45438,-0.02999
56926000000,15.22450,31.70305,-0.08514,0.87650,0.00788,0.00639,-0.48130,0.50519,-1.49386,-0.03889
56959000000,15.24281,31.65286,-0.08695,0.87210,0.00810,0.00653,-0.48921,0.55484,-1.52091,-0.05497
56992000000,15.25897,31.60334,-0.08842,0.86808,0.00777,0.00652,-0.49632,0.48973,-1.50056,-0.04433
57058000000,15.28945,31.50363,-0.09091,0.86006,0.00762,0.00666,-0.51010,0.46177,-1.51082,-0.03776
57091000000,15.30141,31.45336,-0.09176,0.85601,0.00741,0.00658,-0.51687,0.36266,-1.52322,-0.02571
57124000000,15.31510,31.40362,-0.09322,0.85226,0.00742,0.00653,-0.52303,0.41482,-1.50715,-0.04420
57157000000,15.32874,31.35352,-0.09434,0.84844,0.00728,0.00650,-0.52921,0.41311,-1.51825,-0.03392
57190000000,15.34219,31.30567,-0.09515,0.84479,0.00722,0.00651,-0.53500,0.40774,-1.45011,-0.02457
57223000000,15.35409,31.25538,-0.09642,0.84131,0.00714,0.00638,-0.54048,0.36066,-1.52386,-0.03873
57256000000,15.36650,31.20480,-0.09760,0.83779,0.00720,0.00636,-0.54591,0.37583,-1.53276,-0.03550
57355000000,15.40132,31.05445,-0.09892,0.82729,0.00692,0.00657,-0.56169,0.35173,-1.51869,-0.01338
57421000000,15.42219,30.95320,-0.10132,0.82097,0.00698,0.00648,-0.57089,0.31627,-1.53403,-0.03636
57454000000,15.43284,30.90216,-0.10234,0.81778,0.00694,0.00658,-0.57546,0.32278,-1.54669,-0.03095
57487000000,15.44594,30.84966,-0.10294,0.81507,0.00715,0.00663,-0.57928,0.39690,-1.59108,-0.01817
57520000000,15.45532,30.79965,-0.10439,0.81206,0.00724,0.00643,-0.58349,0.28434,-1.51542,-0.04377
57553000000,15.46485,30.74923,-0.10517,0.80901,0.00712,0.00659,-0.58771,0.28862,-1.52790,-0.02389
57619000000,15.48080,30.64412,-0.10894,0.80337,0.00792,0.00602,-0.59540,0.24171,-1.59261,-0.05711
57652000000,15.48933,30.59443,-0.10979,0.80060,0.00784,0.00602,-0.59911,0.25847,-1.50571,-0.02557
57685000000,15.49796,30.54356,-0.11086,0.79786,0.00783,0.00610,-0.60276,0.26145,-1.54143,-0.03244
57751000000,15.51279,30.44248,-0.11263,0.79280,0.00782,0.00596,-0.60940,0.22469,-1.53157,-0.02688
57817000000,15.52907,30.34189,-0.11460,0.78733,0.00772,0.00616,-0.61645,0.24665,-1.52409,-0.02984
57850000000,15.53213,30.29421,-0.11375,0.78447,0.00774,0.00613,-0.62009,0.09274,-1.44473,0.02576
57883000000,15.53806,30.24530,-0.11493,0.78159,0.00760,0.00613,-0.62372,0.17975,-1.48201,-0.03572
57916000000,15.54358,30.19609,-0.11586,0.77838,0.00761,0.00612,-0.62771,0.16736,-1.49126,-0.02819
58015000000,15.55192,30.04754,-0.11908,0.76677,0.00793,0.00578,-0.64185,0.08422,-1.50049,-0.03248
58048000000,15.55276,29.99923,-0.12033,0.76259,0.00778,0.00581,-0.64681,0.02552,-1.46398,-0.03797
58081000000,15.55376,29.95082,-0.12127,0.75835,0.00762,0.00591,-0.65178,0.03014,-1.46698,-0.02856
58147000000,15.55201,29.84886,-0.12330,0.75034,0.00815,0.00569,-0.66098,-0.02644,-1.54487,-0.03074
58180000000,15.55166,29.79956,-0.12442,0.74693,0.00810,0.00567,-0.66483,-0.01075,-1.49397,-0.03393
58213000000,15.55120,29.74918,-0.12530,0.74356,0.00820,0.00571,-0.66859,-0.01390,-1.52675,-0.02661
58279000000,15.55145,29.64666,-0.12739,0.73702,0.00803,0.00586,-0.67580,0.00379,-1.55325,-0.03169
58312000000,15.54993,29.59663,-0.12834,0.73394,0.00803,0.00570,-0.67914,-0.04607,-1.51617,-0.02875
58345000000,15.54817,29.54487,-0.12957,0.73108,0.00809,0.00573,-0.68222,-0.05317,-1.56836,-0.03727
58378000000,15.54741,29.49508,-0.13110,0.72787,0.00788,0.00566,-0.68565,-0.02329,-1.50877,-0.04658
58444000000,15.54346,29.39249,-0.13312,0.72222,0.00777,0.00575,-0.69160,-0.05981,-1.55440,-0.03051
58510000000,15.53886,29.28980,-0.13513,0.71671,0.00764,0.00586,-0.69731,-0.06968,-1.55602,-0.03053
58543000000,15.53580,29.23876,-0.13627,0.71414,0.00760,0.00588,-0.69994,-0.09256,-1.54646,-0.03439
58576000000,15.53135,29.18562,-0.13743,0.71168,0.00805,0.00601,-0.70243,-0.13496,-1.61044,-0.03510
58609000000,15.52789,29.13470,-0.13893,0.70917,0.00791,0.00595,-0.70497,-0.10499,-1.54305,-0.04568
58675000000,15.52025,29.03234,-0.14123,0.70434,0.00790,0.00597,-0.70979,-0.11567,-1.55082,-0.03486
58708000000,15.51434,28.98416,-0.14224,0.70186,0.00804,0.00587,-0.71224,-0.17909,-1.46005,-0.03056
58774000000,15.50496,28.88334,-0.14423,0.69755,0.00806,0.00586,-0.71646,-0.14210,-1.52767,-0.03013
58840000000,15.49543,28.78260,-0.14608,0.69332,0.00807,0.00584,-0.72056,-0.14438,-1.52625,-0.02803
58939000000,15.48130,28.62763,-0.15081,0.68731,0.00757,0.00595,-0.72630,-0.14276,-1.56539,-0.04777
58972000000,15.47559,28.57810,-0.15174,0.68544,0.00752,0.00598,-0.72806,-0.17316,-1.50079,-0.02807
59005000000,15.46982,28.52719,-0.15281,0.68382,0.00753,0.00603,-0.72958,-0.17481,-1.54281,-0.03261
59038000000,15.46229,28.47182,-0.15191,0.68204,0.00774,0.00614,-0.73124,-0.22822,-1.67806,0.02747
59104000000,15.44951,28.37257,-0.15472,0.67890,0.00766,0.00593,-0.73417,-0.19358,-1.50366,-0.04259
59137000000,15.44290,28.32264,-0.15574,0.67737,0.00767,0.00598,-0.73557,-0.20030,-1.51311,-0.03100
59170000000,15.43719,28.27631,-0.15624,0.67575,0.00727,0.00620,-0.73707,-0.17308,-1.40410,-0.01522
59236000000,15.42415,28.17562,-0.15833,0.67296,0.00729,0.00620,-0.73962,-0.19761,-1.52553,-0.03169
59269000000,15.41771,28.12362,-0.15925,0.67184,0.00731,0.00618,-0.74063,-0.19498,-1.57564,-0.02773
59302000000,15.41186,28.07394,-0.16003,0.67060,0.00706,0.00625,-0.74176,-0.17744,-1.50565,-0.02378
59368000000,15.39870,27.97015,-0.16219,0.66922,0.00700,0.00618,-0.74300,-0.19927,-1.57261,-0.03266
59401000000,15.39272,27.91968,-0.16328,0.66858,0.00707,0.00608,-0.74358,-0.18143,-1.52923,-0.03309
59434000000,15.38597,27.86422,-0.16567,0.66836,0.00734,0.00598,-0.74378,-0.20443,-1.68055,-0.07236
59500000000,15.37428,27.76572,-0.16802,0.66761,0.00723,0.00592,-0.74445,-0.17720,-1.49241,-0.03554
59533000000,15.36915,27.71682,-0.16859,0.66710,0.00724,0.00593,-0.74491,-0.15539,-1.48195,-0.01748
59566000000,15.36347,27.67300,-0.16853,0.66657,0.00698,0.00610,-0.74538,-0.17207,-1.32780,0.00182
59632000000,15.35164,27.57456,-0.17070,0.66597,0.00689,0.00611,-0.74592,-0.17920,-1.49155,-0.03291
59665000000,15.34561,27.52502,-0.17154,0.66558,0.00696,0.00602,-0.74627,-0.18270,-1.50131,-0.02517
59698000000,15.34033,27.47736,-0.17168,0.66508,0.00678,0.00620,-0.74671,-0.16001,-1.44404,-0.00427
59731000000,15.33413,27.42873,-0.17231,0.66480,0.00680,0.00622,-0.74697,-0.18790,-1.47369,-0.01914
59797000000,15.32099,27.32940,-0.17432,0.66440,0.00687,0.00619,-0.74732,-0.19912,-1.50504,-0.03045
59830000000,15.31494,27.27486,-0.17754,0.66421,0.00714,0.00590,-0.74749,-0.18345,-1.65269,-0.09765
59863000000,15.30797,27.22549,-0.17836,0.66397,0.00713,0.00596,-0.74770,-0.21111,-1.49611,-0.02498
59929000000,15.29610,27.12394,-0.18071,0.66370,0.00703,0.00589,-0.74794,-0.17983,-1.53865,-0.03558
59995000000,15.28392,27.02132,-0.18273,0.66382,0.00711,0.00587,-0.74783,-0.18454,-1.55478,-0.03050
60028000000,15.27948,26.97082,-0.18284,0.66399,0.00735,0.00609,-0.74768,-0.13473,-1.53050,-0.00363
60061000000,15.27374,26.92133,-0.18410,0.66437,0.00721,0.00612,-0.74734,-0.17386,-1.49964,-0.03798
60094000000,15.26819,26.87156,-0.18525,0.66455,0.00723,0.00605,-0.74719,-0.16805,-1.50825,-0.03485
60127000000,15.26450,26.82386,-0.18526,0.66449,0.00706,0.00620,-0.74724,-0.11201,-1.44537,-0.00044
60160000000,15.25789,26.77530,-0.18646,0.66461,0.00704,0.00610,-0.74713,-0.20027,-1.47137,-0.03636
60226000000,15.24640,26.67658,-0.18890,0.66476,0.00700,0.00593,-0.74700,-0.17400,-1.49579,-0.03689
60259000000,15.24100,26.62745,-0.18974,0.66488,0.00713,0.00591,-0.74689,-0.16374,-1.48889,-0.02564
60358000000,15.22554,26.48255,-0.19103,0.66490,0.00693,0.00619,-0.74687,-0.15617,-1.46363,-0.01301
60391000000,15.21961,26.43341,-0.19227,0.66492,0.00690,0.00607,-0.74686,-0.17961,-1.48895,-0.03767
60424000000,15.21398,26.38396,-0.19331,0.66501,0.00693,0.00608,-0.74677,-0.17077,-1.49848,-0.03138
60457000000,15.20832,26.33425,-0.19435,0.66517,0.00700,0.00607,-0.74663,-0.17134,-1.50646,-0.03159
60523000000,15.19707,26.23211,-0.19645,0.66511,0.00684,0.00608,-0.74669,-0.17049,-1.54752,-0.03182
60556000000,15.19153,26.18295,-0.19771,0.66512,0.00680,0.00598,-0.74668,-0.16793,-1.48964,-0.03816
60589000000,15.18597,26.13344,-0.19868,0.66514,0.00680,0.00611,-0.74666,-0.16848,-1.50056,-0.02947
60622000000,15.18208,26.08603,-0.19861,0.66520,0.00702,0.00612,-0.74660,-0.11791,-1.43670,0.00212
60655000000,15.17510,26.03919,-0.19923,0.66524,0.00703,0.00616,-0.74657,-0.21146,-1.41918,-0.01877
60688000000,15.16925,25.99012,-0.20022,0.66533,0.00702,0.00607,-0.74649,-0.17735,-1.48698,-0.02999
60721000000,15.16376,25.94045,-0.20121,0.66547,0.00700,0.00603,-0.74637,-0.16626,-1.50507,-0.03004
60754000000,15.15756,25.89494,-0.20179,0.66548,0.00699,0.00608,-0.74636,-0.18799,-1.37913,-0.01749
60787000000,15.15156,25.84606,-0.20269,0.66546,0.00695,0.00609,-0.74638,-0.18160,-1.48120,-0.02720
60820000000,15.14597,25.79700,-0.20338,0.66552,0.00695,0.00609,-0.74633,-0.16958,-1.48675,-0.02081
60853000000,15.14059,25.74758,-0.20459,0.66564,0.00696,0.00601,-0.74622,-0.16299,-1.49756,-0.03668
60886000000,15.13529,25.69878,-0.20535,0.66558,0.00699,0.00607,-0.74627,-0.16059,-1.47889,-0.02308
60919000000,15.12993,25.64828,-0.20557,0.66593,0.00728,0.00610,-0.74596,-0.16250,-1.53021,-0.00657
60952000000,15.12441,25.59845,-0.20689,0.66619,0.00719,0.00602,-0.74572,-0.16727,-1.51004,-0.03999
60985000000,15.11955,25.54755,-0.20754,0.66639,0.00726,0.00608,-0.74554,-0.14718,-1.54235,-0.01995
61018000000,15.11566,25.49976,-0.20793,0.66679,0.00740,0.00623,-0.74518,-0.11791,-1.44814,-0.01183
61051000000,15.11063,25.44898,-0.20886,0.66723,0.00736,0.00611,-0.74479,-0.15239,-1.53883,-0.02818
61084000000,15.10563,25.39735,-0.20988,0.66796,0.00741,0.00607,-0.74414,-0.15152,-1.56466,-0.03090
61117000000,15.10142,25.34667,-0.21080,0.66865,0.00741,0.00602,-0.74352,-0.12762,-1.53576,-0.02772
61183000000,15.09324,25.24675,-0.21282,0.67018,0.00743,0.00600,-0.74214,-0.12395,-1.51394,-0.03067
61216000000,15.09166,25.19690,-0.21375,0.67069,0.00734,0.00608,-0.74168,-0.04768,-1.51062,-0.02802
61282000000,15.08388,25.09884,-0.21582,0.67186,0.00733,0.00597,-0.74062,-0.11791,-1.48565,-0.03137
61315000000,15.07983,25.04942,-0.21683,0.67254,0.00725,0.00611,-0.74000,-0.12285,-1.49785,-0.03062
61348000000,15.07583,25.00062,-0.21786,0.67325,0.00732,0.00594,-0.73936,-0.12129,-1.47872,-0.03112
61414000000,15.06833,24.89959,-0.22065,0.67451,0.00766,0.00592,-0.73820,-0.11356,-1.53073,-0.04237
61447000000,15.06506,24.84954,-0.22206,0.67520,0.00758,0.00579,-0.73757,-0.09915,-1.51675,-0.04262
61546000000,15.05606,24.69656,-0.22514,0.67752,0.00757,0.00577,-0.73544,-0.09086,-1.54518,-0.03118
61612000000,15.05209,24.58722,-0.22838,0.67967,0.00744,0.00567,-0.73345,-0.06018,-1.65679,-0.04909
61678000000,15.04897,24.48157,-0.23017,0.68273,0.00754,0.00573,-0.73061,-0.04726,-1.60067,-0.02711
61711000000,15.04764,24.42865,-0.23087,0.68462,0.00752,0.00575,-0.72884,-0.04034,-1.60373,-0.02114
61744000000,15.04834,24.37673,-0.23090,0.68669,0.00756,0.00603,-0.72689,0.02113,-1.57327,-0.00087
61843000000,15.04812,24.22849,-0.23410,0.69313,0.00786,0.00538,-0.72075,-0.00224,-1.49742,-0.03228
61909000000,15.05066,24.13083,-0.23587,0.69673,0.00785,0.00535,-0.71727,0.03849,-1.47970,-0.02692
61942000000,15.05234,24.08182,-0.23681,0.69837,0.00782,0.00535,-0.71567,0.05109,-1.48490,-0.02845
61975000000,15.05399,24.03281,-0.23778,0.70013,0.00782,0.00532,-0.71395,0.04979,-1.48513,-0.02927
62008000000,15.05756,23.98381,-0.23894,0.70166,0.00798,0.00527,-0.71245,0.10837,-1.48490,-0.03523
62074000000,15.06120,23.88613,-0.24127,0.70493,0.00789,0.00516,-0.70922,0.05518,-1.48010,-0.03535
62107000000,15.06324,23.83768,-0.24228,0.70634,0.00788,0.00520,-0.70781,0.06164,-1.46796,-0.03042
62140000000,15.06741,23.79346,-0.24183,0.70738,0.00766,0.00555,-0.70677,0.12635,-1.34000,0.01342
62173000000,15.06913,23.74521,-0.24263,0.70882,0.00767,0.00548,-0.70532,0.05213,-1.46219,-0.02417
62206000000,15.07142,23.69637,-0.24339,0.71011,0.00778,0.00544,-0.70403,0.06950,-1.48016,-0.02301
62239000000,15.07412,23.64718,-0.24423,0.71135,0.00769,0.00550,-0.70278,0.08178,-1.49033,-0.02539
62272000000,15.07823,23.59686,-0.24527,0.71247,0.00768,0.00551,-0.70164,0.12441,-1.52501,-0.03158
62305000000,15.08017,23.54795,-0.24625,0.71376,0.00774,0.00545,-0.70033,0.05893,-1.48207,-0.02956
62338000000,15.08338,23.49886,-0.24732,0.71492,0.00778,0.00536,-0.69914,0.09725,-1.48762,-0.03241
62371000000,15.08615,23.45003,-0.24820,0.71587,0.00772,0.00537,-0.69817,0.08410,-1.47976,-0.02667
62437000000,15.09334,23.35280,-0.24932,0.71797,0.00780,0.00566,-0.69600,0.10886,-1.47311,-0.01696
62503000000,15.09924,23.25594,-0.25145,0.71987,0.00770,0.00541,-0.69404,0.08943,-1.46768,-0.03237
62569000000,15.10641,23.15744,-0.25340,0.72174,0.00779,0.00535,-0.69210,0.10863,-1.49241,-0.02944
62602000000,15.11169,23.11005,-0.25410,0.72244,0.00781,0.00531,-0.69137,0.15999,-1.43594,-0.02126
62635000000,15.11441,23.06167,-0.25551,0.72327,0.00788,0.00516,-0.69050,0.08242,-1.46612,-0.04280
62668000000,15.11763,23.01280,-0.25649,0.72415,0.00787,0.00515,-0.68958,0.09759,-1.48091,-0.02962
62734000000,15.12492,22.91410,-0.25855,0.72557,0.00793,0.00501,-0.68809,0.11038,-1.49542,-0.03121
62767000000,15.12902,22.85698,-0.26035,0.72622,0.00798,0.00510,-0.68740,0.12424,-1.73101,-0.05467
62833000000,15.13503,22.76173,-0.26180,0.72761,0.00806,0.00493,-0.68592,0.09110,-1.44314,-0.02192
62866000000,15.13836,22.71262,-0.26273,0.72837,0.00806,0.00488,-0.68512,0.10097,-1.48808,-0.02826
62932000000,15.14713,22.61446,-0.26449,0.72941,0.00808,0.00491,-0.68402,0.13281,-1.48730,-0.02662
62965000000,15.15103,22.56505,-0.26542,0.73008,0.00812,0.00489,-0.68330,0.11826,-1.49733,-0.02826
62998000000,15.15856,22.51250,-0.26757,0.73036,0.00817,0.00496,-0.68299,0.22830,-1.59240,-0.06523
63031000000,15.16293,22.46397,-0.26821,0.73075,0.00824,0.00489,-0.68258,0.13233,-1.47068,-0.01920
63064000000,15.16757,22.41433,-0.26946,0.73132,0.00807,0.00489,-0.68197,0.14054,-1.50415,-0.03799
63097000000,15.17183,22.36685,-0.27030,0.73201,0.00846,0.00476,-0.68122,0.12930,-1.43895,-0.02551
63130000000,15.17636,22.31801,-0.27148,0.73235,0.00833,0.00474,-0.68086,0.13698,-1.47999,-0.03584
63163000000,15.18058,22.26940,-0.27284,0.73268,0.00828,0.00460,-0.68051,0.12808,-1.47288,-0.04112
63229000000,15.18826,22.17123,-0.27405,0.73327,0.00827,0.00482,-0.67987,0.11628,-1.48747,-0.01831
63262000000,15.19305,22.12288,-0.27507,0.73349,0.00819,0.00481,-0.67963,0.14522,-1.46507,-0.03106
63328000000,15.20197,22.02264,-0.27764,0.73425,0.00818,0.00463,-0.67882,0.13518,-1.51880,-0.03885
63361000000,15.20680,21.97494,-0.27782,0.73437,0.00812,0.00488,-0.67868,0.14649,-1.44542,-0.00550
63427000000,15.21494,21.87628,-0.28032,0.73515,0.00810,0.00455,-0.67784,0.12320,-1.49493,-0.03782
63460000000,15.21896,21.82675,-0.28111,0.73547,0.00820,0.00451,-0.67749,0.12181,-1.50068,-0.02416
63526000000,15.22746,21.72802,-0.28292,0.73626,0.00825,0.00448,-0.67664,0.12893,-1.49597,-0.02739
63559000000,15.23293,21.67723,-0.28407,0.73656,0.00811,0.00455,-0.67631,0.16551,-1.53906,-0.03485
63625000000,15.24110,21.57961,-0.28593,0.73719,0.00817,0.00438,-0.67562,0.12391,-1.47915,-0.02809
63658000000,15.24558,21.53018,-0.28685,0.73746,0.00822,0.00428,-0.67533,0.13565,-1.49785,-0.02805
63691000000,15.25005,21.48125,-0.28774,0.73769,0.00829,0.00425,-0.67507,0.13554,-1.48259,-0.02696
63757000000,15.25973,21.38245,-0.28974,0.73813,0.00820,0.00422,-0.67459,0.14663,-1.49707,-0.03022
63823000000,15.27039,21.28642,-0.29097,0.73817,0.00831,0.00435,-0.67455,0.16152,-1.45502,-0.01870
63922000000,15.28237,21.14404,-0.29359,0.73727,0.00831,0.00435,-0.67553,0.12100,-1.43814,-0.02648
63955000000,15.28619,21.09700,-0.29461,0.73656,0.00826,0.00438,-0.67630,0.11577,-1.42554,-0.03086
63988000000,15.28952,21.04893,-0.29561,0.73593,0.00830,0.00436,-0.67699,0.10083,-1.45641,-0.03039
64054000000,15.29542,20.94736,-0.29904,0.73472,0.00841,0.00424,-0.67831,0.08940,-1.53903,-0.05196
64087000000,15.29828,20.89831,-0.29991,0.73421,0.00837,0.00428,-0.67885,0.08684,-1.48634,-0.02617
64120000000,15.30152,20.84819,-0.30100,0.73380,0.00835,0.00418,-0.67931,0.09817,-1.51865,-0.03329
64153000000,15.30493,20.79793,-0.30223,0.73336,0.00828,0.00420,-0.67977,0.10334,-1.52322,-0.03703
64219000000,15.31106,20.69082,-0.30662,0.73257,0.00823,0.00403,-0.68063,0.09285,-1.62281,-0.06661
64252000000,15.31394,20.64136,-0.30755,0.73220,0.00818,0.00408,-0.68102,0.08707,-1.49889,-0.02806
64285000000,15.31677,20.59144,-0.30868,0.73188,0.00824,0.00397,-0.68137,0.08580,-1.51270,-0.03424
64318000000,15.31974,20.54696,-0.30851,0.73117,0.00814,0.00441,-0.68213,0.09008,-1.34803,0.00498
64384000000,15.32579,20.44665,-0.31068,0.73038,0.00805,0.00443,-0.68297,0.09160,-1.51975,-0.03289
64417000000,15.32826,20.39727,-0.31163,0.73019,0.00802,0.00438,-0.68318,0.07508,-1.49640,-0.02858
64483000000,15.33210,20.30310,-0.31192,0.72971,0.00822,0.00433,-0.68370,0.05816,-1.42675,-0.00448
64516000000,15.33419,20.25356,-0.31292,0.72942,0.00821,0.00416,-0.68401,0.06329,-1.50131,-0.03013
64582000000,15.33996,20.15475,-0.31458,0.72874,0.00815,0.00419,-0.68473,0.08746,-1.49721,-0.02519
64648000000,15.34608,20.05427,-0.31634,0.72817,0.00822,0.00418,-0.68534,0.09269,-1.52232,-0.02663
64681000000,15.35017,19.99932,-0.31923,0.72784,0.00817,0.00416,-0.68569,0.12378,-1.66535,-0.08770
64714000000,15.35257,19.94878,-0.32031,0.72769,0.00813,0.00425,-0.68585,0.07285,-1.53137,-0.03280
64780000000,15.35713,19.85038,-0.32242,0.72722,0.00809,0.00411,-0.68634,0.06916,-1.49097,-0.03195
64846000000,15.36153,19.75024,-0.32378,0.72682,0.00812,0.00414,-0.68677,0.06666,-1.51724,-0.02055
64879000000,15.36286,19.70201,-0.32441,0.72669,0.00811,0.00402,-0.68691,0.04023,-1.46149,-0.01908
64945000000,15.36776,19.60364,-0.32567,0.72627,0.00819,0.00409,-0.68735,0.07423,-1.49045,-0.01904
64978000000,15.36989,19.55342,-0.32658,0.72612,0.00820,0.00401,-0.68751,0.06445,-1.52172,-0.02774
65044000000,15.37448,19.45236,-0.32866,0.72584,0.00830,0.00404,-0.68780,0.06965,-1.53131,-0.03154
65077000000,15.37765,19.40092,-0.32892,0.72561,0.00833,0.00429,-0.68804,0.09589,-1.55877,-0.00772
65143000000,15.38194,19.30182,-0.33111,0.72533,0.00820,0.00413,-0.68834,0.06511,-1.50143,-0.03318
65176000000,15.38437,19.25172,-0.33243,0.72512,0.00816,0.00406,-0.68857,0.07338,-1.51813,-0.04018
65209000000,15.38851,19.20168,-0.33211,0.72477,0.00818,0.00433,-0.68893,0.12557,-1.51663,0.00995
65242000000,15.39064,19.15283,-0.33336,0.72464,0.00817,0.00426,-0.68907,0.06442,-1.48028,-0.03806
65275000000,15.39272,19.10344,-0.33427,0.72452,0.00812,0.00415,-0.68919,0.06306,-1.49652,-0.02753
65308000000,15.39473,19.05323,-0.33578,0.72432,0.00814,0.00397,-0.68941,0.06098,-1.52154,-0.04583
65341000000,15.39622,19.00256,-0.33682,0.72421,0.00823,0.00427,-0.68951,0.04514,-1.53559,-0.03145
65374000000,15.39827,18.95321,-0.33798,0.72420,0.00829,0.00407,-0.68953,0.06213,-1.49548,-0.03511
65407000000,15.40040,18.90411,-0.33886,0.72407,0.00828,0.00403,-0.68966,0.06468,-1.48773,-0.02668
65473000000,15.40471,18.80484,-0.34094,0.72391,0.00821,0.00391,-0.68983,0.06524,-1.50409,-0.03159
65539000000,15.40962,18.70574,-0.34322,0.72357,0.00815,0.00385,-0.69019,0.07443,-1.50157,-0.03449
65572000000,15.40970,18.66047,-0.34387,0.72344,0.00819,0.00381,-0.69033,0.00249,-1.37179,-0.01972
65605000000,15.41172,18.61171,-0.34442,0.72324,0.00822,0.00383,-0.69054,0.06118,-1.47739,-0.01664
65638000000,15.41375,18.56171,-0.34546,0.72315,0.00818,0.00384,-0.69063,0.06135,-1.51536,-0.03155
65704000000,15.42090,18.45819,-0.34664,0.72285,0.00817,0.00428,-0.69095,0.10839,-1.56839,-0.01781
65770000000,15.42544,18.35800,-0.34909,0.72270,0.00808,0.00414,-0.69110,0.06878,-1.51813,-0.03717
65803000000,15.42740,18.30814,-0.35023,0.72255,0.00816,0.00404,-0.69126,0.05953,-1.51074,-0.03456
65869000000,15.43174,18.20807,-0.35364,0.72245,0.00806,0.00396,-0.69137,0.06566,-1.51617,-0.05166
65902000000,15.43357,18.15902,-0.35466,0.72237,0.00807,0.00393,-0.69145,0.05540,-1.48658,-0.03086
65968000000,15.43750,18.06003,-0.35665,0.72218,0.00800,0.00389,-0.69165,0.05965,-1.49987,-0.03015
66034000000,15.44092,17.96292,-0.35851,0.72175,0.00799,0.00381,-0.69209,0.05183,-1.47129,-0.02823
66067000000,15.44265,17.91455,-0.36031,0.72149,0.00808,0.00392,-0.69237,0.05234,-1.46565,-0.05452
66100000000,15.44406,17.86773,-0.36093,0.72095,0.00817,0.00384,-0.69293,0.04257,-1.41878,-0.01884
66133000000,15.44511,17.82016,-0.36163,0.72036,0.00810,0.00394,-0.69354,0.03193,-1.44155,-0.02118
66199000000,15.44561,17.72357,-0.36235,0.71903,0.00813,0.00399,-0.69492,0.00761,-1.46351,-0.01091
66232000000,15.44600,17.67533,-0.36323,0.71833,0.00815,0.00387,-0.69564,0.01162,-1.46178,-0.02659
66265000000,15.44646,17.62588,-0.36402,0.71769,0.00817,0.00386,-0.69630,0.01402,-1.49854,-0.02387
66298000000,15.44702,17.57626,-0.36495,0.71713,0.00821,0.00373,-0.69688,0.01708,-1.50374,-0.02833
66331000000,15.44742,17.52620,-0.36581,0.71653,0.00818,0.00384,-0.69750,0.01211,-1.51698,-0.02609
66364000000,15.44796,17.47624,-0.36683,0.71595,0.00816,0.00377,-0.69809,0.01636,-1.51391,-0.03098
66463000000,15.45047,17.32325,-0.37062,0.71405,0.00799,0.00421,-0.70003,0.02533,-1.54536,-0.03827
66496000000,15.45049,17.27352,-0.37154,0.71366,0.00792,0.00418,-0.70044,0.00072,-1.50698,-0.02772
66529000000,15.45057,17.22337,-0.37251,0.71302,0.00795,0.00425,-0.70108,0.00228,-1.51964,-0.02941
66595000000,15.45141,17.12221,-0.37499,0.71221,0.00798,0.00404,-0.70191,0.01277,-1.53279,-0.03759
66628000000,15.45022,17.07644,-0.37432,0.71163,0.00800,0.00432,-0.70249,-0.03598,-1.38693,0.02032
66694000000,15.44931,16.97765,-0.37683,0.71083,0.00797,0.00406,-0.70331,-0.01390,-1.49678,-0.03806
66727000000,15.44902,16.92826,-0.37753,0.71053,0.00794,0.00413,-0.70361,-0.00867,-1.49663,-0.02127
66793000000,15.44854,16.82872,-0.37915,0.70974,0.00796,0.00417,-0.70441,-0.00734,-1.50825,-0.02449
66826000000,15.44810,16.77855,-0.38059,0.70948,0.00803,0.00400,-0.70466,-0.01315,-1.52021,-0.04357
66892000000,15.44867,16.68043,-0.38200,0.70875,0.00791,0.00423,-0.70540,0.00855,-1.48660,-0.02143
66925000000,15.44817,16.63083,-0.38335,0.70844,0.00798,0.00399,-0.70571,-0.01494,-1.50328,-0.04084
66991000000,15.44712,16.53061,-0.38500,0.70783,0.00804,0.00416,-0.70632,-0.01589,-1.51848,-0.02506
67057000000,15.44658,16.43069,-0.38693,0.70722,0.00789,0.00416,-0.70694,-0.00819,-1.51386,-0.02917
67090000000,15.44498,16.37838,-0.38846,0.70700,0.00796,0.00408,-0.70716,-0.04855,-1.58530,-0.04656
67123000000,15.44418,16.32930,-0.38903,0.70674,0.00805,0.00404,-0.70741,-0.02433,-1.48721,-0.01711
67189000000,15.44413,16.22915,-0.39114,0.70611,0.00795,0.00417,-0.70804,-0.00072,-1.51735,-0.03195
67222000000,15.44470,16.17886,-0.39145,0.70589,0.00790,0.00438,-0.70827,0.01714,-1.52403,-0.00935
67255000000,15.44376,16.13029,-0.39251,0.70564,0.00791,0.00419,-0.70851,-0.02835,-1.47195,-0.03217
67321000000,15.44253,16.03215,-0.39413,0.70527,0.00806,0.00405,-0.70888,-0.01860,-1.48692,-0.02459
67354000000,15.44172,15.98234,-0.39522,0.70513,0.00796,0.00399,-0.70903,-0.02462,-1.50929,-0.03308
67420000000,15.44067,15.88284,-0.39712,0.70467,0.00797,0.00402,-0.70948,-0.01591,-1.50763,-0.02874
67453000000,15.44000,15.83277,-0.39799,0.70443,0.00799,0.00410,-0.70972,-0.02029,-1.51721,-0.02628
67519000000,15.44013,15.72876,-0.40020,0.70379,0.00789,0.00428,-0.71035,0.00194,-1.57593,-0.03348
67552000000,15.43989,15.67889,-0.40122,0.70349,0.00785,0.00433,-0.71065,-0.00740,-1.51108,-0.03089
67585000000,15.43882,15.62938,-0.40213,0.70341,0.00790,0.00428,-0.71073,-0.03225,-1.50036,-0.02779
67651000000,15.43513,15.53422,-0.40384,0.70326,0.00789,0.00428,-0.71088,-0.05586,-1.44188,-0.02580
67684000000,15.43350,15.48571,-0.40465,0.70304,0.00792,0.00416,-0.71110,-0.04959,-1.46996,-0.02461
67717000000,15.43253,15.43662,-0.40535,0.70296,0.00802,0.00400,-0.71117,-0.02930,-1.48759,-0.02125
67783000000,15.43128,15.33701,-0.40706,0.70262,0.00799,0.00407,-0.71151,-0.01887,-1.50925,-0.02586
67816000000,15.43062,15.28763,-0.40776,0.70242,0.00799,0.00410,-0.71171,-0.02023,-1.49626,-0.02120
67849000000,15.43002,15.23751,-0.40871,0.70227,0.00796,0.00420,-0.71186,-0.01809,-1.51874,-0.02886
67915000000,15.42694,15.14075,-0.40995,0.70228,0.00798,0.00398,-0.71185,-0.04672,-1.46606,-0.01887
67948000000,15.42630,15.09132,-0.41055,0.70208,0.00801,0.00403,-0.71205,-0.01945,-1.49790,-0.01819
68014000000,15.42489,14.99107,-0.41257,0.70177,0.00795,0.00406,-0.71235,-0.02126,-1.51891,-0.03058
68080000000,15.42336,14.89198,-0.41390,0.70152,0.00804,0.00422,-0.71259,-0.02321,-1.50140,-0.02014
68113000000,15.42151,14.84283,-0.41506,0.70156,0.00798,0.00412,-0.71256,-0.05598,-1.48952,-0.03519
68146000000,15.42028,14.79351,-0.41562,0.70151,0.00798,0.00426,-0.71260,-0.03748,-1.49432,-0.01675
68179000000,15.41940,14.74358,-0.41685,0.70136,0.00789,0.00419,-0.71276,-0.02653,-1.51308,-0.03743
68212000000,15.41858,14.69386,-0.41790,0.70125,0.00789,0.00419,-0.71286,-0.02497,-1.50686,-0.03168
68245000000,15.41875,14.64030,-0.41962,0.70085,0.00780,0.00425,-0.71325,0.00535,-1.62281,-0.05219
68311000000,15.41601,14.54227,-0.42205,0.70089,0.00769,0.00400,-0.71322,-0.04153,-1.48535,-0.03687
68344000000,15.41468,14.49254,-0.42307,0.70086,0.00775,0.00391,-0.71325,-0.04052,-1.50712,-0.03088
68410000000,15.41280,14.39331,-0.42512,0.70069,0.00765,0.00387,-0.71341,-0.02836,-1.50348,-0.03109
68476000000,15.41095,14.29323,-0.42691,0.70051,0.00773,0.00381,-0.71359,-0.02805,-1.51626,-0.02707
68509000000,15.41099,14.25098,-0.42583,0.70032,0.00794,0.00413,-0.71377,0.00101,-1.28029,0.03259
68542000000,15.41007,14.20199,-0.42680,0.70026,0.00785,0.00410,-0.71384,-0.02780,-1.48461,-0.02929
68575000000,15.40894,14.15215,-0.42762,0.70016,0.00786,0.00416,-0.71393,-0.03422,-1.51022,-0.02485
68608000000,15.40781,14.10233,-0.42861,0.70009,0.00790,0.00409,-0.71400,-0.03410,-1.50996,-0.03004
68641000000,15.40738,14.04992,-0.43024,0.70001,0.00772,0.00415,-0.71408,-0.01303,-1.58807,-0.04947
68740000000,15.40328,13.90310,-0.43226,0.69984,0.00778,0.00407,-0.71424,-0.04143,-1.48302,-0.02035
68806000000,15.39964,13.80469,-0.43378,0.70010,0.00792,0.00388,-0.71399,-0.05526,-1.49113,-0.02302
68839000000,15.39870,13.75468,-0.43466,0.70000,0.00783,0.00404,-0.71409,-0.02823,-1.51527,-0.02670
68905000000,15.39873,13.65647,-0.43520,0.69976,0.00775,0.00446,-0.71432,0.00039,-1.48799,-0.00816
68938000000,15.39723,13.60808,-0.43625,0.69968,0.00779,0.00429,-0.71440,-0.04537,-1.46661,-0.03192
68971000000,15.39622,13.55877,-0.43734,0.69960,0.00779,0.00429,-0.71448,-0.03081,-1.49415,-0.03314
69004000000,15.39466,13.50948,-0.43862,0.69972,0.00776,0.00412,-0.71437,-0.04722,-1.49366,-0.03861
69037000000,15.39325,13.45946,-0.43940,0.69972,0.00782,0.00413,-0.71436,-0.04260,-1.51582,-0.02367
69070000000,15.39217,13.40949,-0.44034,0.69964,0.00784,0.00410,-0.71444,-0.03286,-1.51423,-0.02862
69103000000,15.38980,13.36017,-0.44114,0.69959,0.00785,0.00408,-0.71449,-0.07161,-1.49449,-0.02407
69169000000,15.38697,13.26144,-0.44302,0.69972,0.00788,0.00384,-0.71436,-0.04300,-1.49585,-0.02852
69202000000,15.38592,13.21203,-0.44439,0.69972,0.00777,0.00373,-0.71437,-0.03182,-1.49721,-0.04161
69268000000,15.38433,13.11256,-0.44559,0.69955,0.00780,0.00394,-0.71453,-0.02409,-1.50721,-0.01808
69334000000,15.38104,13.01143,-0.44843,0.69932,0.00777,0.00373,-0.71475,-0.04974,-1.53231,-0.04302
69367000000,15.37960,12.96251,-0.44938,0.69919,0.00778,0.00351,-0.71489,-0.04384,-1.48227,-0.02882
69400000000,15.37849,12.91331,-0.44989,0.69917,0.00784,0.00354,-0.71490,-0.03364,-1.49094,-0.01557
69433000000,15.37711,12.86402,-0.45060,0.69927,0.00779,0.00357,-0.71481,-0.04167,-1.49374,-0.02142
69466000000,15.37600,12.81448,-0.45131,0.69919,0.00786,0.00359,-0.71488,-0.03361,-1.50105,-0.02162
69532000000,15.37641,12.71517,-0.45228,0.69873,0.00777,0.00393,-0.71534,0.00614,-1.50475,-0.01466
69598000000,15.37271,12.61778,-0.45320,0.69888,0.00783,0.00380,-0.71519,-0.05595,-1.47564,-0.01393
69664000000,15.37036,12.51833,-0.45528,0.69877,0.00779,0.00376,-0.71529,-0.03569,-1.50679,-0.03154
69697000000,15.36897,12.46820,-0.45654,0.69882,0.00778,0.00365,-0.71525,-0.04202,-1.51903,-0.03820
69763000000,15.36629,12.36929,-0.45813,0.69889,0.00778,0.00351,-0.71518,-0.04062,-1.49864,-0.02408
69796000000,15.36775,12.31740,-0.45880,0.69868,0.00770,0.00374,-0.71538,0.04410,-1.57246,-0.02042
69829000000,15.36648,12.26779,-0.46016,0.69872,0.00776,0.00359,-0.71534,-0.03852,-1.50328,-0.04108
69862000000,15.36550,12.21823,-0.46103,0.69859,0.00779,0.00357,-0.71547,-0.02959,-1.50178,-0.02646
69895000000,15.36444,12.16861,-0.46215,0.69864,0.00776,0.00351,-0.71543,-0.03202,-1.50380,-0.03381
69928000000,15.36328,12.11879,-0.46331,0.69861,0.00768,0.00341,-0.71546,-0.03531,-1.50964,-0.03511
69994000000,15.35958,12.01735,-0.46516,0.69855,0.00766,0.00353,-0.71551,-0.05605,-1.53698,-0.02812
70060000000,15.35732,11.91971,-0.46656,0.69856,0.00762,0.00357,-0.71550,-0.03423,-1.47937,-0.02118
70093000000,15.35628,11.87003,-0.46735,0.69846,0.00763,0.00360,-0.71560,-0.03156,-1.50536,-0.02380
70159000000,15.35328,11.77112,-0.46908,0.69863,0.00764,0.00349,-0.71544,-0.04549,-1.49866,-0.02630
70192000000,15.35256,11.71859,-0.47072,0.69825,0.00766,0.00357,-0.71581,-0.02182,-1.59186,-0.04957
70225000000,15.35064,11.67019,-0.47131,0.69843,0.00760,0.00350,-0.71563,-0.05806,-1.46664,-0.01793
70291000000,15.34818,11.57094,-0.47334,0.69845,0.00754,0.00335,-0.71561,-0.03729,-1.50387,-0.03071
70324000000,15.34654,11.52133,-0.47429,0.69857,0.00755,0.00330,-0.71550,-0.04959,-1.50314,-0.02905
70357000000,15.34531,11.47166,-0.47502,0.69856,0.00756,0.00332,-0.71550,-0.03716,-1.50513,-0.02197
70390000000,15.34445,11.42205,-0.47577,0.69845,0.00758,0.00337,-0.71561,-0.02630,-1.50340,-0.02271
70423000000,15.34377,11.37285,-0.47695,0.69824,0.00765,0.00363,-0.71582,-0.02061,-1.49088,-0.03573
70489000000,15.34109,11.27360,-0.47849,0.69818,0.00759,0.00362,-0.71587,-0.04049,-1.50381,-0.02341
70522000000,15.33908,11.22448,-0.47951,0.69826,0.00765,0.00338,-0.71580,-0.06098,-1.48857,-0.03082
70555000000,15.33790,11.17441,-0.48054,0.69828,0.00759,0.00346,-0.71578,-0.03584,-1.51715,-0.03118
70588000000,15.33738,11.12474,-0.48121,0.69812,0.00759,0.00356,-0.71593,-0.01581,-1.50524,-0.02024
70621000000,15.33792,11.07866,-0.48095,0.69785,0.00749,0.00376,-0.71620,0.01653,-1.39615,0.00777
70654000000,15.33552,11.03076,-0.48126,0.69797,0.00750,0.00372,-0.71608,-0.07280,-1.45181,-0.00943
70720000000,15.33226,10.93197,-0.48377,0.69811,0.00764,0.00333,-0.71595,-0.04946,-1.49669,-0.03800
70753000000,15.33092,10.88221,-0.48482,0.69805,0.00757,0.00324,-0.71600,-0.04049,-1.50790,-0.03179
70786000000,15.32926,10.83301,-0.48535,0.69818,0.00762,0.00334,-0.71587,-0.05023,-1.49088,-0.01621
70819000000,15.32830,10.78358,-0.48599,0.69818,0.00765,0.00337,-0.71587,-0.02933,-1.49811,-0.01914
70852000000,15.32905,10.73200,-0.48717,0.69770,0.00750,0.00348,-0.71634,0.02292,-1.56296,-0.03600
70885000000,15.32693,10.68349,-0.48781,0.69782,0.00764,0.00337,-0.71622,-0.06427,-1.47010,-0.01924
70918000000,15.32514,10.63357,-0.48869,0.69784,0.00756,0.00331,-0.71621,-0.05430,-1.51253,-0.02681
70951000000,15.32346,10.58367,-0.48960,0.69788,0.00751,0.00320,-0.71616,-0.05083,-1.51212,-0.02746
71017000000,15.32084,10.48442,-0.49106,0.69795,0.00752,0.00325,-0.71610,-0.03979,-1.50377,-0.02216
71050000000,15.31911,10.43456,-0.49212,0.69796,0.00748,0.00318,-0.71609,-0.05219,-1.51091,-0.03212
71116000000,15.31821,10.33306,-0.49433,0.69758,0.00757,0.00292,-0.71646,-0.01371,-1.53796,-0.03352
71182000000,15.31460,10.23638,-0.49528,0.69779,0.00767,0.00298,-0.71626,-0.05468,-1.46484,-0.01431
71248000000,15.31116,10.13732,-0.49639,0.69797,0.00767,0.00310,-0.71608,-0.05203,-1.50087,-0.01693
71281000000,15.31055,10.08782,-0.49712,0.69776,0.00774,0.00310,-0.71629,-0.01873,-1.49999,-0.02190
71347000000,15.30892,9.99117,-0.49777,0.69773,0.00786,0.00316,-0.71632,-0.02469,-1.46447,-0.00989
71380000000,15.30754,9.94160,-0.49886,0.69773,0.00785,0.00307,-0.71631,-0.04185,-1.50204,-0.03301
71413000000,15.30540,9.89187,-0.49959,0.69801,0.00782,0.00309,-0.71604,-0.06485,-1.50692,-0.02224
71446000000,15.30457,9.84239,-0.50026,0.69783,0.00785,0.00323,-0.71622,-0.02491,-1.49944,-0.02023
71479000000,15.30366,9.79163,-0.50194,0.69795,0.00773,0.00322,-0.71609,-0.02771,-1.53805,-0.05081
71512000000,15.30263,9.74274,-0.50289,0.69783,0.00761,0.00317,-0.71622,-0.03110,-1.48149,-0.02896
71578000000,15.30049,9.64363,-0.50548,0.69774,0.00744,0.00290,-0.71630,-0.03251,-1.50170,-0.03920
71611000000,15.29953,9.59399,-0.50611,0.69770,0.00742,0.00301,-0.71635,-0.02916,-1.50435,-0.01898
71677000000,15.29736,9.49496,-0.50722,0.69763,0.00739,0.00325,-0.71641,-0.03280,-1.50048,-0.01687
71710000000,15.29436,9.44658,-0.50873,0.69756,0.00720,0.00300,-0.71648,-0.09077,-1.46600,-0.04580
71776000000,15.29102,9.34789,-0.51002,0.69768,0.00734,0.00296,-0.71637,-0.05063,-1.49527,-0.01944
71809000000,15.29007,9.29835,-0.51085,0.69754,0.00730,0.00297,-0.71651,-0.02893,-1.50117,-0.02529
71875000000,15.28799,9.19798,-0.51272,0.69744,0.00719,0.00309,-0.71660,-0.03154,-1.52085,-0.02837
71908000000,15.28802,9.14820,-0.51466,0.69722,0.00710,0.00303,-0.71681,0.00101,-1.50848,-0.05867
71941000000,15.28623,9.09903,-0.51645,0.69737,0.00691,0.00282,-0.71667,-0.05421,-1.48999,-0.05443
72007000000,15.28420,9.00007,-0.51857,0.69707,0.00681,0.00259,-0.71696,-0.03076,-1.49939,-0.03212
72073000000,15.28069,8.90084,-0.51952,0.69728,0.00688,0.00274,-0.71676,-0.05320,-1.50350,-0.01437
72139000000,15.28007,8.79880,-0.52298,0.69715,0.00672,0.00269,-0.71689,-0.00938,-1.54598,-0.05239
72172000000,15.27758,8.74901,-0.52344,0.69741,0.00679,0.00271,-0.71663,-0.07551,-1.50883,-0.01388
72205000000,15.27638,8.69930,-0.52394,0.69734,0.00683,0.00284,-0.71670,-0.03624,-1.50626,-0.01530
72271000000,15.27443,8.60191,-0.52164,0.69746,0.00740,0.00297,-0.71658,-0.02954,-1.47570,0.03497
72304000000,15.27299,8.55360,-0.52170,0.69749,0.00749,0.00308,-0.71655,-0.04364,-1.46395,-0.00202
72370000000,15.27012,8.45542,-0.52280,0.69757,0.00747,0.00312,-0.71647,-0.04352,-1.48752,-0.01667
72403000000,15.26839,8.40536,-0.52367,0.69767,0.00750,0.00298,-0.71637,-0.05234,-1.51695,-0.02626
72469000000,15.26641,8.30675,-0.52577,0.69733,0.00729,0.00321,-0.71671,-0.03011,-1.49410,-0.03182
72535000000,15.26404,8.20747,-0.52742,0.69726,0.00722,0.00324,-0.71678,-0.03592,-1.50433,-0.02495
72568000000,15.26222,8.15803,-0.52829,0.69742,0.00727,0.00310,-0.71662,-0.05491,-1.49802,-0.02651
72601000000,15.26087,8.10846,-0.52898,0.69745,0.00744,0.00282,-0.71659,-0.04107,-1.50221,-0.02083
72667000000,15.25835,8.01033,-0.53060,0.69716,0.00738,0.00271,-0.71687,-0.03813,-1.48676,-0.02463
72733000000,15.25670,7.91101,-0.53203,0.69691,0.00733,0.00278,-0.71712,-0.02507,-1.50480,-0.02156
72766000000,15.25583,7.86155,-0.53323,0.69681,0.00719,0.00280,-0.71721,-0.02627,-1.49903,-0.03633
72799000000,15.25301,7.80985,-0.53414,0.69737,0.00721,0.00285,-0.71667,-0.08557,-1.56651,-0.02779
72832000000,15.25163,7.76145,-0.53464,0.69736,0.00711,0.00285,-0.71668,-0.04170,-1.46669,-0.01493
72898000000,15.24851,7.66271,-0.53600,0.69755,0.00707,0.00282,-0.71649,-0.04721,-1.49607,-0.02063
72931000000,15.24690,7.61351,-0.53659,0.69757,0.00704,0.00284,-0.71648,-0.04884,-1.49100,-0.01793
72964000000,15.24563,7.56375,-0.53768,0.69760,0.00697,0.00275,-0.71645,-0.03855,-1.50773,-0.03306
73030000000,15.24601,7.46242,-0.53834,0.69693,0.00644,0.00313,-0.71710,0.00582,-1.53529,-0.01000
73063000000,15.24476,7.41309,-0.53910,0.69693,0.00635,0.00310,-0.71710,-0.03789,-1.49497,-0.02296
73129000000,15.24201,7.31340,-0.54238,0.69696,0.00592,0.00270,-0.71708,-0.04170,-1.51037,-0.04972
73162000000,15.24107,7.26422,-0.54292,0.69683,0.00582,0.00278,-0.71720,-0.02849,-1.49041,-0.01653
73195000000,15.24317,7.21710,-0.54237,0.69632,0.00592,0.00330,-0.71770,0.06372,-1.42777,0.01671
73261000000,15.24072,7.11909,-0.54358,0.69632,0.00573,0.00319,-0.71770,-0.03719,-1.48512,-0.01831
73294000000,15.23897,7.06947,-0.54404,0.69636,0.00583,0.00323,-0.71766,-0.05289,-1.50361,-0.01377
73327000000,15.23801,7.01995,-0.54465,0.69627,0.00578,0.00334,-0.71775,-0.02930,-1.50040,-0.01863
73360000000,15.23813,6.97145,-0.54583,0.69624,0.00588,0.00334,-0.71778,0.00361,-1.46993,-0.03568
73393000000,15.23650,6.92184,-0.54643,0.69627,0.00582,0.00333,-0.71775,-0.04936,-1.50318,-0.01825
73459000000,15.23351,6.82283,-0.54835,0.69623,0.00579,0.00310,-0.71779,-0.04533,-1.50023,-0.02907
73492000000,15.23114,6.77337,-0.54998,0.69645,0.00573,0.00276,-0.71757,-0.07179,-1.49880,-0.04945
73525000000,15.23003,6.72340,-0.55055,0.69633,0.00568,0.00290,-0.71769,-0.03361,-1.51404,-0.01731
73558000000,15.22876,6.67423,-0.55107,0.69631,0.00560,0.00298,-0.71772,-0.03832,-1.49014,-0.01582
73624000000,15.22905,6.57332,-0.55261,0.69595,0.00537,0.00321,-0.71806,0.00428,-1.52884,-0.02333
73657000000,15.22732,6.52505,-0.55290,0.69589,0.00532,0.00317,-0.71813,-0.05237,-1.46272,-0.00883
73690000000,15.22504,6.47579,-0.55313,0.69603,0.00552,0.00308,-0.71799,-0.06913,-1.49296,-0.00671
73723000000,15.22295,6.42676,-0.55355,0.69609,0.00568,0.00302,-0.71792,-0.06314,-1.48568,-0.01289
73789000000,15.22126,6.32733,-0.55526,0.69591,0.00546,0.00303,-0.71810,-0.02559,-1.50646,-0.02588
73822000000,15.21716,6.27723,-0.55682,0.69682,0.00506,0.00290,-0.71722,-0.12450,-1.51825,-0.04717
73855000000,15.21600,6.22829,-0.55734,0.69671,0.00486,0.00290,-0.71733,-0.03497,-1.48305,-0.01602
73888000000,15.21451,6.18006,-0.55809,0.69673,0.00486,0.00278,-0.71731,-0.04520,-1.46153,-0.02243
73921000000,15.21298,6.13160,-0.55841,0.69677,0.00478,0.00288,-0.71727,-0.04635,-1.46856,-0.00982
73954000000,15.21199,6.08378,-0.55863,0.69647,0.00479,0.00300,-0.71756,-0.03011,-1.44893,-0.00658
74020000000,15.20829,5.98879,-0.55975,0.69600,0.00489,0.00298,-0.71802,-0.05605,-1.43922,-0.01704
74086000000,15.20374,5.89587,-0.56084,0.69470,0.00475,0.00298,-0.71928,-0.06891,-1.40801,-0.01646
74152000000,15.20050,5.80540,-0.56150,0.69254,0.00505,0.00284,-0.72136,-0.04901,-1.37065,-0.01010
74185000000,15.19547,5.76015,-0.56202,0.69157,0.00517,0.00286,-0.72229,-0.15270,-1.37125,-0.01556
74251000000,15.18614,5.67193,-0.56314,0.68849,0.00507,0.00297,-0.72522,-0.14135,-1.33673,-0.01707
74284000000,15.18026,5.62837,-0.56369,0.68653,0.00513,0.00286,-0.72708,-0.17813,-1.32000,-0.01661
74317000000,15.17841,5.58482,-0.56514,0.68335,0.00542,0.00268,-0.73007,-0.05609,-1.31954,-0.04379
74350000000,15.17069,5.54303,-0.56580,0.68097,0.00530,0.00263,-0.73228,-0.23394,-1.26654,-0.02007
74383000000,15.16227,5.50093,-0.56610,0.67819,0.00536,0.00268,-0.73487,-0.25509,-1.27552,-0.00919
74416000000,15.15396,5.45989,-0.56655,0.67487,0.00539,0.00262,-0.73791,-0.25174,-1.24368,-0.01360
74449000000,15.14483,5.41820,-0.56732,0.67115,0.00529,0.00265,-0.74130,-0.27674,-1.26350,-0.02319
74482000000,15.13353,5.37805,-0.56546,0.66709,0.00635,0.00269,-0.74494,-0.34251,-1.21645,0.05615
74548000000,15.11010,5.29532,-0.56651,0.65775,0.00618,0.00286,-0.75321,-0.35487,-1.25362,-0.01592
74581000000,15.09583,5.25384,-0.56772,0.65239,0.00594,0.00275,-0.75786,-0.43242,-1.25674,-0.03640
74647000000,15.06416,5.16779,-0.56918,0.64059,0.00586,0.00279,-0.76785,-0.47990,-1.30386,-0.02212
74680000000,15.04646,5.12439,-0.56993,0.63417,0.00583,0.00284,-0.77317,-0.53637,-1.31503,-0.02279
74746000000,15.00898,5.03521,-0.57123,0.62024,0.00571,0.00301,-0.78438,-0.56796,-1.35122,-0.01969
74779000000,14.98819,4.99041,-0.57186,0.61320,0.00559,0.00317,-0.78990,-0.63000,-1.35761,-0.01909
74845000000,14.94528,4.89908,-0.57168,0.59955,0.00657,0.00328,-0.80030,-0.65006,-1.38380,0.00275
74911000000,14.89935,4.81185,-0.57309,0.58836,0.00657,0.00328,-0.80856,-0.69586,-1.32172,-0.02144
74944000000,14.87742,4.76828,-0.57374,0.58290,0.00655,0.00336,-0.81251,-0.66465,-1.32004,-0.01970
74977000000,14.85850,4.72450,-0.57716,0.57679,0.00678,0.00347,-0.81686,-0.57342,-1.32686,-0.10372
75010000000,14.83488,4.68269,-0.57836,0.57262,0.00653,0.00333,-0.81979,-0.71572,-1.26704,-0.03639
75043000000,14.81191,4.64050,-0.57901,0.56856,0.00655,0.00333,-0.82261,-0.69592,-1.27821,-0.01947
75109000000,14.76498,4.55628,-0.58057,0.56067,0.00652,0.00338,-0.82800,-0.71108,-1.27618,-0.02367
75142000000,14.73995,4.51754,-0.58068,0.55730,0.00697,0.00317,-0.83028,-0.75858,-1.17397,-0.00345
75175000000,14.71629,4.47610,-0.58142,0.55376,0.00684,0.00317,-0.83264,-0.71699,-1.25576,-0.02221
75208000000,14.69269,4.43475,-0.58241,0.55024,0.00685,0.00311,-0.83497,-0.71526,-1.25291,-0.02998
75241000000,14.66891,4.39274,-0.58329,0.54667,0.00665,0.00299,-0.83731,-0.72054,-1.27294,-0.02675
75274000000,14.64458,4.35145,-0.58352,0.54354,0.00671,0.00308,-0.83935,-0.73710,-1.25128,-0.00707
75307000000,14.61406,4.30215,-0.58780,0.54050,0.00722,0.00337,-0.84131,-0.92492,-1.49387,-0.12955
75340000000,14.58958,4.26002,-0.58866,0.53722,0.00715,0.00339,-0.84341,-0.74196,-1.27671,-0.02617
75373000000,14.56455,4.21831,-0.58954,0.53368,0.00714,0.00328,-0.84565,-0.75843,-1.26402,-0.02670
75406000000,14.53858,4.17652,-0.59073,0.53035,0.00700,0.00332,-0.84775,-0.78681,-1.26626,-0.03616
75439000000,14.51243,4.13530,-0.59160,0.52643,0.00695,0.00331,-0.85018,-0.79256,-1.24902,-0.02617
75472000000,14.48579,4.09374,-0.59281,0.52166,0.00691,0.00312,-0.85312,-0.80727,-1.25954,-0.03673
75505000000,14.45754,4.05277,-0.59367,0.51687,0.00678,0.00321,-0.85603,-0.85599,-1.24150,-0.02613
75538000000,14.42894,4.01189,-0.59456,0.51146,0.00669,0.00331,-0.85928,-0.86669,-1.23881,-0.02682
75571000000,14.39972,3.97147,-0.59535,0.50574,0.00662,0.00336,-0.86266,-0.88539,-1.22472,-0.02400
75637000000,14.33755,3.88871,-0.59706,-0.49228,-0.00679,-0.00362,0.87040,-0.94201,-1.25399,-0.02597
75703000000,14.27307,3.81186,-0.59850,-0.47753,-0.00663,-0.00366,0.87858,-0.97704,-1.16440,-0.02182
75736000000,14.23880,3.77445,-0.59974,-0.46934,-0.00650,-0.00373,0.88299,-1.03829,-1.13362,-0.03756
75769000000,14.20366,3.73838,-0.60039,-0.46059,-0.00640,-0.00379,0.88758,-1.06479,-1.09293,-0.01964
75802000000,14.16757,3.70223,-0.60091,-0.45123,-0.00650,-0.00393,0.89238,-1.09375,-1.09560,-0.01582
75835000000,14.12978,3.66810,-0.60150,-0.44154,-0.00654,-0.00400,0.89721,-1.14510,-1.03415,-0.01765
75868000000,14.09106,3.63542,-0.60254,-0.43129,-0.00597,-0.00365,0.90219,-1.17345,-0.99050,-0.03155
75901000000,14.05255,3.60375,-0.60299,-0.41992,-0.00588,-0.00383,0.90753,-1.16695,-0.95968,-0.01376
75934000000,14.01196,3.57421,-0.60375,-0.40795,-0.00574,-0.00375,0.91298,-1.22981,-0.89514,-0.02284
76000000000,13.92771,3.51851,-0.60549,-0.38128,-0.00554,-0.00382,0.92443,-1.27657,-0.84395,-0.02641
76066000000,13.83957,3.47015,-0.60702,-0.35179,-0.00535,-0.00408,0.93605,-1.33540,-0.73262,-0.02320
76099000000,13.79454,3.44920,-0.60746,-0.33569,-0.00535,-0.00416,0.94195,-1.36482,-0.63486,-0.01346
76132000000,13.74899,3.43374,-0.60747,-0.31946,-0.00518,-0.00350,0.94758,-1.38002,-0.46849,-0.00032
76165000000,13.70337,3.41775,-0.60787,-0.30191,-0.00507,-0.00370,0.95332,-1.38260,-0.48476,-0.01193
76198000000,13.65691,3.40429,-0.60809,-0.28438,-0.00508,-0.00360,0.95869,-1.40800,-0.40780,-0.00667
76231000000,13.60952,3.39311,-0.60839,-0.26712,-0.00502,-0.00363,0.96364,-1.43577,-0.33860,-0.00929
76264000000,13.56151,3.38407,-0.60870,-0.25018,-0.00500,-0.00368,0.96818,-1.45490,-0.27414,-0.00915
76297000000,13.51276,3.37708,-0.60891,-0.23341,-0.00508,-0.00372,0.97236,-1.47724,-0.21172,-0.00646
76330000000,13.46420,3.37174,-0.60907,-0.21676,-0.00508,-0.00377,0.97621,-1.47158,-0.16183,-0.00495
76363000000,13.41494,3.36761,-0.60938,-0.20010,-0.00509,-0.00387,0.97976,-1.49290,-0.12504,-0.00918
76396000000,13.36426,3.36840,-0.60979,-0.18345,-0.00412,-0.00277,0.98302,-1.53550,0.02389,-0.01245
76429000000,13.31434,3.36814,-0.60983,-0.16719,-0.00412,-0.00284,0.98591,-1.51273,-0.00793,-0.00119
76462000000,13.26401,3.36977,-0.61033,-0.15129,-0.00393,-0.00288,0.98848,-1.52536,0.04944,-0.01535
76495000000,13.21289,3.37280,-0.61031,-0.13539,-0.00405,-0.00276,0.99078,-1.54897,0.09179,0.00058
76561000000,13.10993,3.38122,-0.61081,-0.10631,-0.00399,-0.00274,0.99432,-1.55999,0.12749,-0.00748
76594000000,13.05836,3.38793,-0.61137,-0.09267,-0.00394,-0.00277,0.99569,-1.56275,0.20342,-0.01694
76627000000,13.00677,3.39425,-0.61187,-0.07854,-0.00385,-0.00288,0.99690,-1.56345,0.19160,-0.01525
76660000000,12.95495,3.40454,-0.61178,-0.06457,-0.00351,-0.00169,0.99791,-1.57030,0.31179,0.00261
76693000000,12.90360,3.41431,-0.61207,-0.05117,-0.00346,-0.00168,0.99868,-1.55585,0.29599,-0.00864
76759000000,12.80082,3.43703,-0.61294,-0.02478,-0.00331,-0.00176,0.99969,-1.55741,0.34433,-0.01322
76792000000,12.74953,3.45041,-0.61348,-0.01208,-0.00318,-0.00174,0.99992,-1.55400,0.40540,-0.01620
76825000000,12.69833,3.46390,-0.61380,0.00080,-0.00317,-0.00175,0.99999,-1.55169,0.40871,-0.00996
76891000000,12.59818,3.49258,-0.61019,0.02556,-0.00295,-0.00123,0.99967,-1.51741,0.43453,0.05473
76924000000,12.54760,3.50963,-0.61062,0.03716,-0.00288,-0.00102,0.99930,-1.53267,0.51661,-0.01295
76990000000,12.44651,3.54358,-0.61145,0.05903,-0.00282,-0.00089,0.99825,-1.53172,0.51441,-0.01254
77023000000,12.39651,3.56105,-0.61167,0.06905,-0.00277,-0.00104,0.99761,-1.51493,0.52942,-0.00688
77056000000,12.34650,3.57942,-0.61193,0.07812,-0.00275,-0.00099,0.99694,-1.51568,0.55686,-0.00763
77155000000,12.19421,3.63556,-0.61305,0.10140,-0.00199,-0.00006,0.99484,-1.53821,0.56705,-0.01137
77188000000,12.14466,3.65413,-0.61319,0.10755,-0.00194,-0.00000,0.99420,-1.50160,0.56279,-0.00406
77221000000,12.09569,3.67181,-0.61328,0.11307,-0.00192,-0.00006,0.99359,-1.48392,0.53562,-0.00286
77254000000,12.04625,3.69055,-0.61067,0.11769,-0.00167,0.00042,0.99305,-1.49816,0.56794,0.07920
77287000000,11.99657,3.70785,-0.61084,0.12135,-0.00166,0.00035,0.99261,-1.50545,0.52418,-0.00521
77320000000,11.94678,3.72474,-0.61120,0.12408,-0.00155,0.00039,0.99227,-1.50877,0.51182,-0.01099
77353000000,11.89705,3.74078,-0.61124,0.12596,-0.00161,0.00028,0.99203,-1.50695,0.48609,-0.00128
77386000000,11.84453,3.75526,-0.61089,0.12681,-0.00166,0.00033,0.99193,-1.59160,0.43868,0.01072
77419000000,11.79471,3.76948,-0.61094,0.12675,-0.00166,0.00029,0.99193,-1.50972,0.43094,-0.00158
77452000000,11.74485,3.78312,-0.61130,0.12588,-0.00146,0.00024,0.99204,-1.51108,0.41332,-0.01101
77485000000,11.69433,3.79523,-0.61145,0.12412,-0.00148,0.00017,0.99227,-1.53071,0.36714,-0.00434
77518000000,11.64348,3.80642,-0.61173,0.12137,-0.00140,0.00019,0.99261,-1.54091,0.33913,-0.00852
77551000000,11.59150,3.81563,-0.60963,0.11753,-0.00092,0.00059,0.99307,-1.57533,0.27892,0.06366
77584000000,11.53956,3.82432,-0.60970,0.11373,-0.00086,0.00061,0.99351,-1.57371,0.26350,-0.00204
77617000000,11.48757,3.83199,-0.61001,0.10952,-0.00082,0.00063,0.99398,-1.57573,0.23230,-0.00950
77650000000,11.43518,3.83900,-0.61014,0.10486,-0.00089,0.00073,0.99449,-1.58741,0.21240,-0.00396
77683000000,11.38261,3.84453,-0.61041,0.10002,-0.00082,0.00065,0.99498,-1.59295,0.16764,-0.00807
77716000000,11.33090,3.85024,-0.60854,0.09515,-0.00090,0.00078,0.99546,-1.56718,0.17289,0.05664
77749000000,11.27812,3.85484,-0.60869,0.08983,-0.00075,0.00085,0.99596,-1.59914,0.13959,-0.00465
77815000000,11.17391,3.86044,-0.60891,0.07881,-0.00071,0.00082,0.99689,-1.57900,0.08479,-0.00327
77848000000,11.12093,3.86221,-0.60846,0.07346,-0.00065,0.00098,0.99730,-1.60535,0.05354,0.01359
77881000000,11.07044,3.86314,-0.60878,0.06786,-0.00050,0.00089,0.99769,-1.53010,0.02814,-0.00988
77914000000,11.02053,3.86483,-0.60901,0.06290,-0.00040,0.00101,0.99802,-1.51250,0.05140,-0.00701
77947000000,10.97059,3.86762,-0.60909,0.05977,-0.00041,0.00107,0.99821,-1.51342,0.08452,-0.00237
77980000000,10.92141,3.87072,-0.60892,0.05757,-0.00047,0.00105,0.99834,-1.49004,0.09407,0.00522
78013000000,10.87422,3.87284,-0.60645,0.05531,-0.00017,0.00131,0.99847,-1.43008,0.06422,0.07502
78112000000,10.72815,3.88178,-0.60663,0.04911,-0.00017,0.00142,0.99879,-1.47545,0.09025,-0.00190
78145000000,10.67932,3.88433,-0.60666,0.04721,-0.00014,0.00149,0.99888,-1.47984,0.07720,-0.00090
78211000000,10.58144,3.88919,-0.60644,0.04372,-0.00017,0.00136,0.99904,-1.48301,0.07366,0.00331
78277000000,10.48475,3.89699,-0.60380,0.04062,0.00013,0.00159,0.99917,-1.46502,0.11826,0.04004
78310000000,10.43513,3.89932,-0.60406,0.03902,0.00025,0.00165,0.99924,-1.50360,0.07041,-0.00781
78343000000,10.38660,3.90141,-0.60387,0.03739,0.00022,0.00168,0.99930,-1.47048,0.06336,0.00580
78376000000,10.33683,3.90347,-0.60382,0.03592,0.00031,0.00203,0.99935,-1.50822,0.06263,0.00154
78409000000,10.28833,3.90526,-0.60398,0.03441,0.00033,0.00195,0.99941,-1.46973,0.05425,-0.00482
78442000000,10.23936,3.90667,-0.60372,0.03298,0.00036,0.00193,0.99945,-1.48392,0.04256,0.00781
78475000000,10.19061,3.90818,-0.60326,0.03171,0.00024,0.00193,0.99950,-1.47744,0.04579,0.01401
78541000000,10.09362,3.91122,-0.60133,0.02931,0.00044,0.00192,0.99957,-1.46948,0.04602,0.02922
78574000000,10.04506,3.91273,-0.60134,0.02808,0.00050,0.00200,0.99960,-1.47155,0.04580,-0.00035
78607000000,9.99656,3.91396,-0.60111,0.02679,0.00044,0.00192,0.99964,-1.46973,0.03727,0.00705
78673000000,9.89836,3.91573,-0.60122,0.02474,0.00057,0.00178,0.99969,-1.48786,0.02685,-0.00178
78706000000,9.84927,3.91682,-0.60115,0.02356,0.00053,0.00186,0.99972,-1.48767,0.03296,0.00213
78739000000,9.80032,3.91981,-0.59870,0.02253,0.00084,0.00213,0.99974,-1.48317,0.09078,0.07427
78772000000,9.75142,3.92134,-0.59840,0.02141,0.00078,0.00221,0.99977,-1.48192,0.04616,0.00924
78805000000,9.70258,3.92268,-0.59834,0.02041,0.00080,0.00216,0.99979,-1.47987,0.04057,0.00166
78838000000,9.65379,3.92377,-0.59808,0.01945,0.00077,0.00215,0.99981,-1.47854,0.03316,0.00790
78904000000,9.55495,3.92550,-0.59794,0.01761,0.00078,0.00213,0.99984,-1.49756,0.02614,0.00209
78937000000,9.50403,3.92560,-0.59781,0.01669,0.00072,0.00216,0.99986,-1.54307,0.00329,0.00398
78970000000,9.45501,3.92632,-0.59754,0.01592,0.00062,0.00226,0.99987,-1.48533,0.02156,0.00839
79003000000,9.40610,3.92724,-0.59755,0.01503,0.00070,0.00233,0.99988,-1.48218,0.02802,-0.00044
79036000000,9.35676,3.92762,-0.59771,0.01431,0.00073,0.00230,0.99989,-1.49536,0.01138,-0.00468
79102000000,9.25758,3.92726,-0.59759,0.01176,0.00080,0.00233,0.99993,-1.50266,-0.00535,0.00178
79168000000,9.15936,3.92238,-0.59392,0.00731,0.00110,0.00239,0.99997,-1.48821,-0.07404,0.05560
79201000000,9.10903,3.92109,-0.59413,0.00531,0.00114,0.00242,0.99998,-1.52524,-0.03901,-0.00654
79234000000,9.05998,3.92089,-0.59395,0.00406,0.00106,0.00258,0.99999,-1.48617,-0.00591,0.00564
79300000000,8.96205,3.91879,-0.59333,0.00225,0.00097,0.00252,0.99999,-1.48382,-0.03181,0.00932
79333000000,8.91282,3.91813,-0.59300,0.00134,0.00096,0.00243,1.00000,-1.49184,-0.02008,0.01001
79399000000,8.81386,3.91991,-0.59291,-0.00018,0.00119,0.00268,1.00000,-1.49935,0.02702,0.00149
79465000000,8.71482,3.91843,-0.59306,-0.00208,0.00128,0.00276,0.99999,-1.50069,-0.02252,-0.00230
79498000000,8.66540,3.91703,-0.59280,-0.00285,0.00120,0.00272,0.99999,-1.49750,-0.04251,0.00789
79531000000,8.61595,3.91848,-0.59075,-0.00359,0.00149,0.00325,0.99999,-1.49845,0.04414,0.06188
79564000000,8.56673,3.91682,-0.59029,-0.00409,0.00144,0.00322,0.99999,-1.49160,-0.05023,0.01401
79630000000,8.46794,3.91472,-0.58997,-0.00553,0.00147,0.00331,0.99998,-1.49676,-0.03185,0.00489
79663000000,8.41908,3.91362,-0.58963,-0.00637,0.00139,0.00331,0.99997,-1.48068,-0.03346,0.01029
79696000000,8.37018,3.91162,-0.58928,-0.00674,0.00135,0.00329,0.99997,-1.48169,-0.06056,0.01045
79729000000,8.32021,3.91410,-0.58566,-0.00723,0.00145,0.00348,0.99997,-1.51441,0.07521,0.10989
79762000000,8.27134,3.91241,-0.58559,-0.00771,0.00149,0.00353,0.99996,-1.48080,-0.05127,0.00193
79795000000,8.22254,3.91127,-0.58545,-0.00841,0.00153,0.00357,0.99996,-1.47872,-0.03461,0.00446
79828000000,8.17331,3.90985,-0.58538,-0.00902,0.00160,0.00353,0.99995,-1.49181,-0.04308,0.00217
79861000000,8.12409,3.90827,-0.58497,-0.00945,0.00151,0.00363,0.99995,-1.49146,-0.04777,0.01238
79894000000,8.07477,3.90633,-0.58484,-0.00989,0.00151,0.00357,0.99994,-1.49484,-0.05872,0.00391
79960000000,7.97642,3.90400,-0.58214,-0.01086,0.00171,0.00373,0.99993,-1.49009,-0.03534,0.04095
79993000000,7.92695,3.90266,-0.58207,-0.01129,0.00172,0.00367,0.99993,-1.49913,-0.04065,0.00201
80059000000,7.82925,3.89963,-0.58158,-0.01213,0.00173,0.00373,0.99992,-1.48029,-0.04583,0.00745
80092000000,7.77943,3.89844,-0.58135,-0.01272,0.00170,0.00380,0.99991,-1.50957,-0.03601,0.00691
80125000000,7.73088,3.89905,-0.57836,-0.01270,0.00189,0.00384,0.99991,-1.47135,0.01835,0.09070
80158000000,7.68106,3.89747,-0.57785,-0.01326,0.00180,0.00391,0.99990,-1.50980,-0.04781,0.01539
80191000000,7.63169,3.89578,-0.57769,-0.01351,0.00188,0.00390,0.99990,-1.49587,-0.05115,0.00471
80224000000,7.58225,3.89462,-0.57740,-0.01411,0.00184,0.00387,0.99989,-1.49827,-0.03521,0.00876
80290000000,7.48392,3.89064,-0.57716,-0.01469,0.00189,0.00402,0.99988,-1.48976,-0.06039,0.00366
80356000000,7.38598,3.89250,-0.57268,-0.01474,0.00227,0.00395,0.99988,-1.48398,0.02828,0.06800
80389000000,7.33653,3.89058,-0.57263,-0.01514,0.00232,0.00390,0.99988,-1.49863,-0.05831,0.00145
80422000000,7.28697,3.88846,-0.57232,-0.01535,0.00229,0.00392,0.99987,-1.50179,-0.06416,0.00941
80455000000,7.23750,3.88650,-0.57246,-0.01557,0.00242,0.00396,0.99987,-1.49892,-0.05950,-0.00431
80488000000,7.18976,3.88769,-0.56818,-0.01567,0.00293,0.00448,0.99986,-1.44684,0.03620,0.12959
80521000000,7.13991,3.88548,-0.56798,-0.01594,0.00299,0.00451,0.99986,-1.51050,-0.06692,0.00625
80587000000,7.04094,3.88150,-0.56738,-0.01636,0.00298,0.00438,0.99985,-1.49954,-0.06043,0.00899
80620000000,6.99201,3.87996,-0.56706,-0.01673,0.00296,0.00435,0.99985,-1.48273,-0.04646,0.00989
80653000000,6.94260,3.87818,-0.56674,-0.01707,0.00297,0.00432,0.99984,-1.49736,-0.05388,0.00945
80719000000,6.84220,3.87322,-0.56771,-0.01713,0.00326,0.00442,0.99984,-1.52123,-0.07525,-0.01456
80785000000,6.74349,3.86990,-0.56656,-0.01776,0.00313,0.00454,0.99983,-1.49556,-0.05023,0.01743
80818000000,6.69396,3.86801,-0.56638,-0.01797,0.00319,0.00455,0.99982,-1.50105,-0.05722,0.00520
80884000000,6.59530,3.86441,-0.56548,-0.01849,0.00312,0.00451,0.99981,-1.49483,-0.05464,0.01365
80917000000,6.54728,3.86366,-0.56567,-0.01900,0.00302,0.00504,0.99980,-1.45505,-0.02276,-0.00554
80950000000,6.49798,3.86130,-0.56533,-0.01915,0.00300,0.00502,0.99980,-1.49410,-0.07151,0.01014
80983000000,6.44831,3.85935,-0.56532,-0.01937,0.00311,0.00501,0.99979,-1.50490,-0.05900,0.00031
81016000000,6.39920,3.85672,-0.56529,-0.01938,0.00318,0.00492,0.99980,-1.48824,-0.07984,0.00094
81049000000,6.34960,3.85461,-0.56506,-0.01951,0.00319,0.00503,0.99979,-1.50312,-0.06365,0.00709
81082000000,6.30030,3.85221,-0.56451,-0.01962,0.00313,0.00498,0.99979,-1.49384,-0.07285,0.01654
81181000000,6.15228,3.84621,-0.56427,-0.01998,0.00305,0.00507,0.99978,-1.49519,-0.06057,0.00239
81247000000,6.05296,3.84214,-0.56372,-0.02034,0.00310,0.00511,0.99978,-1.50481,-0.06169,0.00833
81280000000,6.00360,3.83993,-0.56323,-0.02055,0.00296,0.00511,0.99977,-1.49588,-0.06707,0.01486
81313000000,5.95557,3.83715,-0.56256,-0.02034,0.00289,0.00477,0.99978,-1.45529,-0.08424,0.02050
81346000000,5.90680,3.83599,-0.56223,-0.02063,0.00291,0.00484,0.99977,-1.47796,-0.03523,0.00979
81379000000,5.85840,3.83458,-0.56215,-0.02068,0.00295,0.00503,0.99977,-1.46675,-0.04266,0.00242
81412000000,5.81023,3.83318,-0.56181,-0.02060,0.00292,0.00502,0.99977,-1.45956,-0.04228,0.01057
81445000000,5.76266,3.83160,-0.56142,-0.02023,0.00293,0.00507,0.99978,-1.44165,-0.04797,0.01157
81511000000,5.66427,3.82848,-0.56123,-0.01892,0.00302,0.00516,0.99980,-1.49075,-0.04730,0.00293
81577000000,5.56610,3.82624,-0.56040,-0.01832,0.00303,0.00501,0.99982,-1.48744,-0.03398,0.01260
81610000000,5.51708,3.82544,-0.55997,-0.01811,0.00298,0.00515,0.99982,-1.48548,-0.02406,0.01301
81676000000,5.41788,3.82295,-0.55911,-0.01758,0.00291,0.00521,0.99983,-1.50290,-0.03772,0.01310
81709000000,5.36846,3.82174,-0.55875,-0.01737,0.00290,0.00517,0.99983,-1.49760,-0.03676,0.01068
81742000000,5.31826,3.82093,-0.55887,-0.01719,0.00291,0.00535,0.99983,-1.52131,-0.02453,-0.00342
81808000000,5.21984,3.81854,-0.55845,-0.01670,0.00301,0.00545,0.99984,-1.49116,-0.03629,0.00633
81841000000,5.17031,3.81731,-0.55808,-0.01651,0.00297,0.00540,0.99984,-1.50088,-0.03722,0.01126
81874000000,5.12109,3.81641,-0.55792,-0.01636,0.00298,0.00555,0.99985,-1.49173,-0.02729,0.00482
81907000000,5.07345,3.81467,-0.55688,-0.01587,0.00286,0.00518,0.99986,-1.44354,-0.05260,0.03136
81940000000,5.02358,3.81389,-0.55665,-0.01577,0.00289,0.00525,0.99986,-1.51126,-0.02365,0.00706
81973000000,4.97393,3.81272,-0.55633,-0.01554,0.00287,0.00518,0.99986,-1.50454,-0.03537,0.00959
82039000000,4.87504,3.81045,-0.55595,-0.01528,0.00289,0.00531,0.99986,-1.49835,-0.03436,0.00581
82072000000,4.82505,3.80935,-0.55581,-0.01506,0.00289,0.00527,0.99987,-1.51485,-0.03342,0.00412
82105000000,4.77540,3.80812,-0.55559,-0.01494,0.00294,0.00530,0.99987,-1.50436,-0.03748,0.00676
82138000000,4.72580,3.80706,-0.55528,-0.01481,0.00295,0.00533,0.99987,-1.50308,-0.03185,0.00948
82204000000,4.62562,3.80399,-0.55400,-0.01412,0.00287,0.00521,0.99988,-1.51792,-0.04659,0.01934
82237000000,4.57582,3.80266,-0.55386,-0.01392,0.00289,0.00528,0.99988,-1.50922,-0.04014,0.00419
82270000000,4.52674,3.80187,-0.55345,-0.01387,0.00284,0.00526,0.99989,-1.48728,-0.02405,0.01252
82402000000,4.32885,3.79645,-0.55225,-0.01309,0.00288,0.00512,0.99990,-1.49911,-0.04103,0.00906
82468000000,4.22976,3.79422,-0.55205,-0.01302,0.00295,0.00525,0.99990,-1.50139,-0.03383,0.00303
82534000000,4.12960,3.79210,-0.55164,-0.01271,0.00290,0.00522,0.99990,-1.51753,-0.03221,0.00625
82600000000,4.03036,3.79010,-0.55111,-0.01262,0.00292,0.00537,0.99990,-1.50377,-0.03023,0.00805
82633000000,3.98155,3.79048,-0.55060,-0.01241,0.00287,0.00530,0.99990,-1.47899,0.01160,0.01545
82666000000,3.93202,3.78908,-0.55039,-0.01232,0.00295,0.00540,0.99991,-1.50079,-0.04261,0.00625
82699000000,3.88265,3.78817,-0.55023,-0.01227,0.00301,0.00538,0.99991,-1.49621,-0.02758,0.00499
82732000000,3.83353,3.78689,-0.54986,-0.01208,0.00297,0.00535,0.99991,-1.48829,-0.03871,0.01125
82765000000,3.78599,3.78570,-0.54941,-0.01160,0.00275,0.00526,0.99992,-1.44075,-0.03589,0.01358
82831000000,3.68943,3.78406,-0.54905,-0.01070,0.00283,0.00528,0.99992,-1.46299,-0.02489,0.00538
82864000000,3.64166,3.78403,-0.54883,-0.00999,0.00282,0.00527,0.99993,-1.44774,-0.00098,0.00679
82897000000,3.59448,3.78407,-0.54861,-0.00915,0.00286,0.00529,0.99994,-1.42973,0.00134,0.00667
82996000000,3.45602,3.78610,-0.54800,-0.00500,0.00283,0.00538,0.99997,-1.39855,0.02042,0.00617
83029000000,3.41030,3.78746,-0.54681,-0.00312,0.00277,0.00552,0.99998,-1.38552,0.04138,0.03596
83062000000,3.36458,3.78938,-0.54675,-0.00100,0.00285,0.00557,0.99998,-1.38540,0.05816,0.00192
83095000000,3.31786,3.79208,-0.54659,0.00135,0.00289,0.00558,0.99998,-1.41585,0.08194,0.00491
83128000000,3.27060,3.79531,-0.54615,0.00392,0.00287,0.00562,0.99997,-1.43196,0.09772,0.01312
83161000000,3.22218,3.79825,-0.54597,0.00653,0.00288,0.00562,0.99996,-1.46742,0.08917,0.00565
83260000000,3.07248,3.80963,-0.54477,0.01422,0.00273,0.00558,0.99988,-1.51213,0.11490,0.01209
83293000000,3.02229,3.81423,-0.54468,0.01659,0.00275,0.00568,0.99984,-1.52068,0.13959,0.00264
83326000000,2.97167,3.81840,-0.54468,0.01887,0.00281,0.00574,0.99980,-1.53411,0.12621,0.00009
83359000000,2.92148,3.82284,-0.54435,0.02126,0.00278,0.00570,0.99975,-1.52069,0.13449,0.00989
83392000000,2.87037,3.82844,-0.54393,0.02354,0.00237,0.00553,0.99970,-1.54903,0.16980,0.01294
83425000000,2.81985,3.83358,-0.54401,0.02550,0.00248,0.00552,0.99966,-1.53067,0.15585,-0.00244
83458000000,2.77041,3.83863,-0.54391,0.02744,0.00248,0.00563,0.99960,-1.49819,0.15293,0.00295
83491000000,2.72217,3.84371,-0.54388,0.02929,0.00254,0.00556,0.99955,-1.46200,0.15391,0.00093
83557000000,2.62616,3.85390,-0.54319,0.03288,0.00253,0.00563,0.99944,-1.45471,0.15450,0.01042
83590000000,2.57981,3.85919,-0.54287,0.03453,0.00252,0.00574,0.99938,-1.40444,0.16012,0.00977
83623000000,2.53383,3.86423,-0.54248,0.03620,0.00243,0.00575,0.99932,-1.39340,0.15283,0.01190
83656000000,2.48855,3.86903,-0.54244,0.03767,0.00252,0.00573,0.99927,-1.37222,0.14536,0.00116
83689000000,2.44404,3.87427,-0.54220,0.03905,0.00246,0.00576,0.99922,-1.34876,0.15890,0.00726
83722000000,2.40108,3.87925,-0.54206,0.04034,0.00245,0.00577,0.99917,-1.30179,0.15094,0.00426
83755000000,2.35784,3.88284,-0.54338,0.04198,0.00254,0.00554,0.99910,-1.31029,0.10865,-0.04013
83788000000,2.31697,3.88805,-0.54314,0.04308,0.00254,0.00552,0.99905,-1.23837,0.15776,0.00750
83821000000,2.27699,3.89260,-0.54296,0.04409,0.00260,0.00559,0.99901,-1.21144,0.13791,0.00542
83887000000,2.19948,3.90243,-0.54268,0.04618,0.00257,0.00565,0.99891,-1.17451,0.14899,0.00417
83920000000,2.16196,3.90785,-0.54243,0.04706,0.00258,0.00573,0.99887,-1.13690,0.16418,0.00772
83953000000,2.12527,3.91212,-0.54213,0.04793,0.00256,0.00569,0.99883,-1.11177,0.12937,0.00911
83986000000,2.08955,3.91654,-0.54172,0.04878,0.00243,0.00561,0.99879,-1.08249,0.13418,0.01227
84052000000,2.02019,3.92571,-0.54109,0.05036,0.00232,0.00540,0.99871,-1.05088,0.13893,0.00956
84085000000,1.98635,3.92991,-0.54113,0.05108,0.00233,0.00557,0.99868,-1.02545,0.12716,-0.00121
84118000000,1.95420,3.93417,-0.54076,0.05168,0.00232,0.00560,0.99865,-0.97430,0.12903,0.01120
84151000000,1.92027,3.93824,-0.54062,0.05241,0.00230,0.00557,0.99861,-1.02821,0.12346,0.00438
84184000000,1.88613,3.94252,-0.54065,0.05288,0.00237,0.00553,0.99858,-1.03457,0.12959,-0.00107
84250000000,1.81439,3.94997,-0.53943,0.05447,0.00242,0.00556,0.99850,-1.08698,0.11295,0.01847
84316000000,1.74005,3.95972,-0.53989,0.05558,0.00263,0.00570,0.99843,-1.12637,0.14762,-0.00690
84349000000,1.70143,3.96451,-0.53969,0.05619,0.00257,0.00565,0.99840,-1.17012,0.14518,0.00592
84448000000,1.58230,3.98018,-0.53932,0.05788,0.00260,0.00553,0.99830,-1.20336,0.15833,0.00375
84481000000,1.54190,3.98547,-0.53914,0.05846,0.00258,0.00561,0.99827,-1.22426,0.16023,0.00553
84514000000,1.49992,3.99086,-0.53864,0.05884,0.00260,0.00562,0.99825,-1.27201,0.16345,0.01519
84547000000,1.45680,3.99637,-0.53846,0.05957,0.00263,0.00566,0.99820,-1.30668,0.16692,0.00537
84580000000,1.41249,4.00179,-0.53822,0.06027,0.00259,0.00561,0.99816,-1.34282,0.16417,0.00722
84646000000,1.32255,4.01411,-0.53775,0.06118,0.00255,0.00558,0.99811,-1.36265,0.18667,0.00708
84679000000,1.27415,4.02332,-0.53897,0.06160,0.00252,0.00568,0.99808,-1.46670,0.27898,-0.03674
84712000000,1.22704,4.02992,-0.53891,0.06206,0.00260,0.00557,0.99805,-1.42759,0.20013,0.00184
84778000000,1.13098,4.04343,-0.53852,0.06343,0.00242,0.00554,0.99797,-1.45548,0.20474,0.00587
84811000000,1.08360,4.05015,-0.53837,0.06433,0.00254,0.00549,0.99791,-1.43580,0.20362,0.00446
84844000000,1.03607,4.05693,-0.53844,0.06527,0.00247,0.00546,0.99785,-1.44016,0.20518,-0.00215
84877000000,0.99004,4.06414,-0.53837,0.06644,0.00249,0.00555,0.99777,-1.39493,0.21855,0.00222
84910000000,0.94382,4.07186,-0.53824,0.06738,0.00250,0.00567,0.99771,-1.40061,0.23395,0.00378
84943000000,0.89851,4.07981,-0.53803,0.06889,0.00264,0.00557,0.99761,-1.37290,0.24088,0.00640
84976000000,0.85291,4.08818,-0.53772,0.07051,0.00260,0.00562,0.99749,-1.38197,0.25382,0.00940
85009000000,0.80793,4.09688,-0.53733,0.07247,0.00249,0.00570,0.99735,-1.36292,0.26355,0.01196
85042000000,0.76353,4.10593,-0.53708,0.07474,0.00252,0.00573,0.99718,-1.34561,0.27418,0.00737
85108000000,0.67688,4.12671,-0.53652,0.08045,0.00251,0.00578,0.99674,-1.31293,0.31494,0.00861
85141000000,0.63371,4.13741,-0.53657,0.08391,0.00257,0.00573,0.99645,-1.30811,0.32421,-0.00174
85174000000,0.59159,4.14944,-0.53608,0.08763,0.00241,0.00576,0.99613,-1.27615,0.36432,0.01497
85240000000,0.50617,4.17476,-0.53556,0.09678,0.00232,0.00585,0.99529,-1.29431,0.38364,0.00783
85273000000,0.46410,4.18920,-0.53527,0.10222,0.00229,0.00576,0.99474,-1.27488,0.43761,0.00882
85306000000,0.42262,4.20471,-0.53503,0.10814,0.00222,0.00579,0.99412,-1.25699,0.47013,0.00733
85339000000,0.38124,4.22128,-0.53498,0.11467,0.00221,0.00575,0.99338,-1.25405,0.50215,0.00149
85372000000,0.34090,4.23856,-0.53505,0.12204,0.00217,0.00584,0.99251,-1.22238,0.52342,-0.00218
85405000000,0.29988,4.25766,-0.53509,0.13015,0.00216,0.00575,0.99148,-1.24306,0.57894,-0.00115
85471000000,0.21871,4.30042,-0.53516,0.14870,0.00199,0.00569,0.98886,-1.22979,0.64786,-0.00102
85504000000,0.17928,4.32423,-0.53493,0.15958,0.00195,0.00585,0.98717,-1.19488,0.72151,0.00683
85537000000,0.13548,4.35169,-0.53511,0.17176,0.00189,0.00597,0.98512,-1.32728,0.83208,-0.00542
85603000000,0.05811,4.40989,-0.53535,0.19914,0.00180,0.00614,0.97995,-1.17228,0.88182,-0.00359
85636000000,0.02035,4.44259,-0.53542,0.21465,0.00170,0.00621,0.97667,-1.14422,0.99110,-0.00226
85669000000,-0.01695,4.47798,-0.53565,0.23169,0.00156,0.00608,0.97277,-1.13031,1.07242,-0.00695
85735000000,-0.08893,4.55712,-0.53624,0.26986,0.00120,0.00595,0.96288,-1.09063,1.19895,-0.00892
85768000000,-0.12217,4.60081,-0.53649,0.29011,0.00112,0.00597,0.95697,-1.00708,1.32403,-0.00760
85801000000,-0.15240,4.64440,-0.53671,0.31060,0.00097,0.00600,0.95052,-0.91606,1.32094,-0.00651
85834000000,-0.18010,4.68975,-0.53722,0.33147,0.00092,0.00603,0.94345,-0.83937,1.37435,-0.01543
85867000000,-0.19840,4.73466,-0.53600,0.35233,0.00061,0.00595,0.93586,-0.55454,1.36086,0.03694
85900000000,-0.22081,4.78197,-0.53659,0.37322,0.00054,0.00577,0.92773,-0.67908,1.43360,-0.01796
85966000000,-0.25755,4.87979,-0.53818,0.41530,0.00037,0.00587,0.90966,-0.55679,1.48213,-0.02402
85999000000,-0.27159,4.92882,-0.53901,0.43571,0.00026,0.00586,0.90007,-0.42539,1.48571,-0.02534
86032000000,-0.28259,4.97731,-0.53966,0.45588,0.00029,0.00591,0.89002,-0.33315,1.46934,-0.01977
86098000000,-0.29693,5.07267,-0.54058,0.49448,0.00002,0.00593,0.86917,-0.21728,1.44484,-0.01386
86164000000,-0.30269,5.16851,-0.54405,0.53067,-0.00013,0.00633,0.84755,-0.08738,1.45216,-0.05260
86197000000,-0.30155,5.21381,-0.54490,0.54785,-0.00026,0.00637,0.83655,0.03450,1.37261,-0.02580
86230000000,-0.29828,5.25712,-0.54533,0.56474,-0.00034,0.00635,0.82525,0.09921,1.31249,-0.01307
86329000000,-0.27879,5.37537,-0.54583,0.60727,-0.00056,0.00640,0.79447,0.19684,1.19444,-0.00504
86362000000,-0.27041,5.40937,-0.54648,0.61890,-0.00058,0.00645,0.78544,0.25416,1.03040,-0.01967
86428000000,-0.25439,5.46558,-0.54756,0.63849,-0.00071,0.00637,0.76960,0.24271,0.85160,-0.01635
86461000000,-0.24752,5.48658,-0.54607,0.64654,-0.00090,0.00636,0.76285,0.20820,0.63653,0.04510
86527000000,-0.23464,5.51828,-0.54629,0.65820,-0.00093,0.00632,0.75281,0.19516,0.48029,-0.00335
86560000000,-0.23041,5.52892,-0.54641,0.66223,-0.00095,0.00631,0.74927,0.12797,0.32244,-0.00370
86626000000,-0.22572,5.54034,-0.54683,0.66623,-0.00095,0.00632,0.74572,0.07115,0.17306,-0.00626
86692000000,-0.21827,5.53543,-0.54582,0.66568,-0.00093,0.00607,0.74621,0.11287,-0.07443,0.01521
86758000000,-0.22117,5.52394,-0.54560,0.66223,-0.00098,0.00597,0.74928,-0.04392,-0.17408,0.00336
86824000000,-0.22884,5.49889,-0.54525,0.65467,-0.00094,0.00599,0.75589,-0.11624,-0.37957,0.00540
86857000000,-0.23298,5.48183,-0.54492,0.65011,-0.00094,0.00594,0.75981,-0.12540,-0.51695,0.00979
86923000000,-0.24066,5.43916,-0.54424,0.64038,-0.00090,0.00593,0.76803,-0.11643,-0.64653,0.01027
86956000000,-0.24337,5.41352,-0.54393,0.63516,-0.00081,0.00594,0.77236,-0.08193,-0.77707,0.00944
87022000000,-0.24643,5.35506,-0.54343,0.62452,-0.00070,0.00597,0.78099,-0.04647,-0.88566,0.00757
87055000000,-0.24600,5.32152,-0.54292,0.61918,-0.00073,0.00599,0.78522,0.01323,-1.01646,0.01562
87088000000,-0.24453,5.28595,-0.54262,0.61407,-0.00069,0.00600,0.78923,0.04448,-1.07775,0.00896
87121000000,-0.24192,5.24742,-0.54219,0.60920,-0.00073,0.00598,0.79299,0.07897,-1.16772,0.01298
87154000000,-0.23732,5.20661,-0.54107,0.60458,-0.00073,0.00559,0.79652,0.13941,-1.23650,0.03406
87187000000,-0.23158,5.16411,-0.54080,0.60037,-0.00068,0.00556,0.79970,0.17406,-1.28802,0.00830
87253000000,-0.21587,5.07795,-0.54010,0.59419,-0.00058,0.00564,0.80431,0.23801,-1.30552,0.01051
87286000000,-0.20728,5.03441,-0.54006,0.59232,-0.00052,0.00573,0.80568,0.26015,-1.31941,0.00135
87352000000,-0.18373,4.94338,-0.53943,0.59129,-0.00050,0.00572,0.80644,0.35682,-1.37919,0.00953
87385000000,-0.17007,4.89678,-0.53904,0.59219,-0.00047,0.00579,0.80578,0.41405,-1.41210,0.01168
87451000000,-0.13955,4.80152,-0.53814,0.59711,-0.00050,0.00587,0.80214,0.46248,-1.44328,0.01376
87484000000,-0.12059,4.75313,-0.53762,0.60104,-0.00056,0.00563,0.79920,0.57440,-1.46632,0.01578
87517000000,-0.10301,4.70277,-0.53707,0.60597,-0.00060,0.00564,0.79546,0.53271,-1.52614,0.01667
87550000000,-0.08490,4.65205,-0.53672,0.61161,-0.00066,0.00564,0.79114,0.54870,-1.53712,0.01038
87616000000,-0.04727,4.54676,-0.53614,0.62570,-0.00067,0.00558,0.78005,0.57020,-1.59524,0.00889
87649000000,-0.02849,4.49449,-0.53728,0.63355,-0.00065,0.00591,0.77368,0.56918,-1.58398,-0.03462
87682000000,-0.01026,4.44181,-0.53665,0.64146,-0.00070,0.00600,0.76713,0.55234,-1.59635,0.01894
87748000000,0.02377,4.34058,-0.53620,0.65718,-0.00087,0.00584,0.75371,0.51557,-1.53375,0.00684
87814000000,0.05520,4.24405,-0.53565,0.67216,-0.00093,0.00590,0.74038,0.47624,-1.46256,0.00839
87880000000,0.08119,4.15417,-0.53547,0.68674,-0.00102,0.00597,0.72688,0.39386,-1.36187,0.00275
87913000000,0.09370,4.10888,-0.53483,0.69369,-0.00114,0.00593,0.72025,0.37898,-1.37248,0.01935
87979000000,0.11505,4.02474,-0.53487,0.70664,-0.00114,0.00587,0.70755,0.32355,-1.27476,-0.00068
88045000000,0.13274,3.94395,-0.53418,0.71875,-0.00126,0.00585,0.69524,0.26795,-1.22422,0.01043
88111000000,0.14452,3.86972,-0.53389,0.72813,-0.00130,0.00573,0.68541,0.17854,-1.12463,0.00443
88144000000,0.14730,3.83210,-0.53291,0.73103,-0.00141,0.00582,0.68232,0.08424,-1.14013,0.02971
88243000000,0.14963,3.73031,-0.53195,0.73729,-0.00135,0.00587,0.67555,0.02350,-1.02813,0.00970
88276000000,0.14850,3.70179,-0.53264,0.73906,-0.00132,0.00591,0.67361,-0.03425,-0.86427,-0.02083
88309000000,0.14864,3.67046,-0.53237,0.74074,-0.00129,0.00587,0.67177,0.00414,-0.94929,0.00825
88375000000,0.14787,3.61203,-0.53199,0.74386,-0.00140,0.00576,0.66830,-0.01164,-0.88537,0.00577
88408000000,0.14648,3.57836,-0.53003,0.74532,-0.00147,0.00573,0.66668,-0.04214,-1.02033,0.05939
88474000000,0.14403,3.52241,-0.52914,0.74787,-0.00148,0.00570,0.66382,-0.03705,-0.84764,0.01345
88540000000,0.14187,3.47133,-0.52878,0.75000,-0.00143,0.00566,0.66141,-0.03282,-0.77392,0.00545
88573000000,0.14052,3.44689,-0.52842,0.75096,-0.00151,0.00572,0.66032,-0.04086,-0.74077,0.01095
88639000000,0.13731,3.40081,-0.52805,0.75280,-0.00158,0.00562,0.65823,-0.04852,-0.69815,0.00551
88705000000,0.13260,3.35854,-0.52885,0.75443,-0.00159,0.00558,0.65635,-0.07148,-0.64052,-0.01210
88738000000,0.13125,3.33783,-0.52869,0.75506,-0.00147,0.00559,0.65563,-0.04066,-0.62753,0.00500
88771000000,0.12957,3.31861,-0.52849,0.75563,-0.00155,0.00563,0.65497,-0.05112,-0.58237,0.00595
88804000000,0.12832,3.30038,-0.52843,0.75619,-0.00144,0.00568,0.65433,-0.03790,-0.55235,0.00190
88870000000,0.12636,3.26685,-0.52816,0.75719,-0.00143,0.00552,0.65317,-0.02965,-0.50806,0.00403
88903000000,0.12489,3.25125,-0.52797,0.75760,-0.00140,0.00556,0.65270,-0.04458,-0.47268,0.00584
88936000000,0.12332,3.23609,-0.52775,0.75805,-0.00141,0.00560,0.65217,-0.04760,-0.45956,0.00654
89002000000,0.12032,3.20916,-0.52750,0.75869,-0.00148,0.00560,0.65143,-0.04542,-0.40802,0.00387
89101000000,0.11768,3.16982,-0.52616,0.75954,-0.00158,0.00544,0.65043,-0.02666,-0.39739,0.01355
89167000000,0.11554,3.15050,-0.52570,0.76000,-0.00164,0.00542,0.64990,-0.03238,-0.29266,0.00694
89200000000,0.11482,3.14310,-0.52568,0.76011,-0.00159,0.00545,0.64977,-0.02194,-0.22421,0.00048
89233000000,0.11404,3.13654,-0.52582,0.76023,-0.00154,0.00549,0.64962,-0.02354,-0.19885,-0.00409
89299000000,0.11246,3.12505,-0.52553,0.76052,-0.00165,0.00544,0.64929,-0.02394,-0.17405,0.00432
89365000000,0.11230,3.11752,-0.52524,0.76072,-0.00167,0.00532,0.64906,-0.00254,-0.11405,0.00446
89398000000,0.11184,3.11347,-0.52505,0.76072,-0.00159,0.00531,0.64906,-0.01380,-0.12288,0.00576
89431000000,0.11186,3.11159,-0.52489,0.76076,-0.00160,0.00532,0.64901,0.00057,-0.05697,0.00491
89497000000,0.11133,3.11041,-0.52467,0.76080,-0.00165,0.00532,0.64896,-0.00801,-0.01787,0.00330
89530000000,0.11127,3.11053,-0.52457,0.76081,-0.00169,0.00532,0.64895,-0.00189,0.00361,0.00298
89563000000,0.11120,3.11072,-0.52459,0.76082,-0.00169,0.00533,0.64894,-0.00216,0.00577,-0.00049
89629000000,0.11125,3.11094,-0.52470,0.76081,-0.00168,0.00532,0.64895,0.00088,0.00338,-0.00173
89662000000,0.11157,3.11161,-0.52476,0.76079,-0.00170,0.00529,0.64898,0.00952,0.02016,-0.00183
89695000000,0.11192,3.11331,-0.52492,0.76074,-0.00163,0.00533,0.64903,0.01070,0.05147,-0.00487
89728000000,0.11223,3.11465,-0.52492,0.76072,-0.00162,0.00532,0.64906,0.00925,0.04080,0.00010
89761000000,0.11259,3.11728,-0.52482,0.76074,-0.00165,0.00533,0.64904,0.01090,0.07963,0.00296
89827000000,0.11341,3.12502,-0.52488,0.76065,-0.00164,0.00530,0.64914,0.01247,0.11732,-0.00095
89893000000,0.11460,3.13588,-0.52505,0.76048,-0.00167,0.00527,0.64933,0.01796,0.16447,-0.00260
89992000000,0.11757,3.15848,-0.52517,0.76028,-0.00162,0.00524,0.64957,0.03006,0.22828,-0.00121
90025000000,0.11886,3.16741,-0.52522,0.76019,-0.00162,0.00522,0.64967,0.03911,0.27057,-0.00126
90058000000,0.12019,3.17714,-0.52505,0.76008,-0.00168,0.00522,0.64980,0.04021,0.29501,0.00512
90091000000,0.12167,3.18763,-0.52522,0.76001,-0.00162,0.00522,0.64989,0.04476,0.31775,-0.00529
90124000000,0.12320,3.19978,-0.52556,0.75994,-0.00164,0.00522,0.64997,0.04638,0.36826,-0.01025
90157000000,0.12491,3.21260,-0.52575,0.75986,-0.00166,0.00521,0.65007,0.05185,0.38833,-0.00590
90190000000,0.12714,3.22593,-0.52590,0.75967,-0.00169,0.00522,0.65029,0.06752,0.40418,-0.00451
90223000000,0.12918,3.23990,-0.52595,0.75959,-0.00164,0.00527,0.65038,0.06198,0.42338,-0.00141
90256000000,0.13142,3.25462,-0.52602,0.75948,-0.00167,0.00527,0.65051,0.06785,0.44581,-0.00224
90289000000,0.13372,3.27041,-0.52611,0.75932,-0.00173,0.00530,0.65069,0.06957,0.47856,-0.00272
90322000000,0.13185,3.28951,-0.52837,0.75938,-0.00161,0.00526,0.65062,-0.05667,0.57874,-0.06824
90355000000,0.13471,3.30572,-0.52840,0.75922,-0.00159,0.00522,0.65081,0.08674,0.49133,-0.00107
90388000000,0.13734,3.32294,-0.52850,0.75905,-0.00151,0.00522,0.65101,0.07980,0.52178,-0.00310
90487000000,0.14615,3.38271,-0.52881,0.75857,-0.00162,0.00518,0.65157,0.08900,0.60375,-0.00308
90553000000,0.15163,3.42615,-0.52940,0.75794,-0.00150,0.00520,0.65231,0.08298,0.65820,-0.00896
90619000000,0.15687,3.47281,-0.52995,0.75686,-0.00149,0.00516,0.65356,0.07939,0.70693,-0.00839
90652000000,0.15916,3.49661,-0.52983,0.75623,-0.00159,0.00522,0.65428,0.06942,0.72127,0.00382
90751000000,0.16666,3.57065,-0.52897,0.75352,-0.00169,0.00508,0.65740,0.07578,0.74790,0.00869
90784000000,0.16870,3.59763,-0.52905,0.75244,-0.00165,0.00512,0.65864,0.06180,0.81749,-0.00258
90850000000,0.17324,3.65552,-0.52940,0.75035,-0.00158,0.00514,0.66101,0.06873,0.87712,-0.00536
90883000000,0.17534,3.68556,-0.52948,0.74956,-0.00165,0.00506,0.66191,0.06375,0.91020,-0.00241
90916000000,0.17758,3.71648,-0.53038,0.74883,-0.00173,0.00502,0.66274,0.06795,0.93701,-0.02724
90949000000,0.18018,3.74832,-0.53055,0.74795,-0.00172,0.00502,0.66374,0.07862,0.96474,-0.00504
90982000000,0.18266,3.78165,-0.53118,0.74719,-0.00161,0.00502,0.66459,0.07523,1.01021,-0.01922
91048000000,0.18756,3.84962,-0.53175,0.74562,-0.00165,0.00504,0.66635,0.07429,1.02983,-0.00863
91081000000,0.18977,3.88585,-0.53220,0.74458,-0.00164,0.00506,0.66751,0.06677,1.09777,-0.01345
91114000000,0.19197,3.92282,-0.53232,0.74347,-0.00160,0.00516,0.66874,0.06684,1.12028,-0.00377
91180000000,0.19591,3.99570,-0.53285,0.74113,-0.00156,0.00514,0.67134,0.05967,1.10435,-0.00798
91213000000,0.19847,4.03373,-0.53310,0.74016,-0.00148,0.00515,0.67241,0.07757,1.15216,-0.00757
91279000000,0.20250,4.11291,-0.53366,0.73820,-0.00145,0.00520,0.67456,0.06106,1.19982,-0.00851
91312000000,0.20410,4.15697,-0.53517,0.73729,-0.00156,0.00506,0.67555,0.04853,1.33491,-0.04581
91378000000,0.20780,4.24040,-0.53562,0.73545,-0.00165,0.00502,0.67755,0.05602,1.26410,-0.00683
91444000000,0.21180,4.32793,-0.53652,0.73361,-0.00158,0.00508,0.67955,0.06056,1.32621,-0.01363
91477000000,0.21384,4.37495,-0.53795,0.73256,-0.00133,0.00511,0.68068,0.06189,1.42502,-0.04340
91510000000,0.21510,4.42009,-0.53800,0.73173,-0.00140,0.00509,0.68157,0.03806,1.36781,-0.00130
91543000000,0.21650,4.46618,-0.53815,0.73091,-0.00140,0.00515,0.68246,0.04254,1.39663,-0.00471
91609000000,0.21965,4.56090,-0.53866,0.72932,-0.00143,0.00519,0.68415,0.04770,1.43515,-0.00763
91642000000,0.22184,4.60885,-0.53902,0.72842,-0.00136,0.00510,0.68511,0.06647,1.45302,-0.01101
91675000000,0.22326,4.65860,-0.53915,0.72761,-0.00140,0.00506,0.68597,0.04310,1.50779,-0.00396
91708000000,0.22512,4.70711,-0.53961,0.72678,-0.00133,0.00508,0.68685,0.05608,1.46974,-0.01408
91774000000,0.22783,4.80555,-0.54061,0.72538,-0.00141,0.00500,0.68833,0.04118,1.49150,-0.01509
91807000000,0.22928,4.85410,-0.54092,0.72464,-0.00132,0.00502,0.68911,0.04387,1.47129,-0.00937
91873000000,0.23173,4.95640,-0.54289,0.72334,-0.00149,0.00502,0.69047,0.03706,1.55003,-0.02985
91906000000,0.23307,5.00454,-0.54307,0.72263,-0.00143,0.00501,0.69121,0.04075,1.45876,-0.00559
91939000000,0.23410,5.05312,-0.54316,0.72202,-0.00150,0.00505,0.69185,0.03116,1.47230,-0.00269
91972000000,0.23668,5.10286,-0.54364,0.72139,-0.00149,0.00508,0.69251,0.07835,1.50712,-0.01435
92005000000,0.23782,5.15153,-0.54441,0.72075,-0.00131,0.00497,0.69318,0.03439,1.47486,-0.02334
92038000000,0.23880,5.20079,-0.54493,0.72014,-0.00126,0.00506,0.69380,0.02976,1.49283,-0.01571
92071000000,0.23989,5.24954,-0.54558,0.71964,-0.00120,0.00501,0.69433,0.03291,1.47702,-0.01983
92104000000,0.24077,5.29797,-0.54440,0.71909,-0.00141,0.00511,0.69489,0.02664,1.46776,0.03569
92170000000,0.24234,5.39576,-0.54550,0.71802,-0.00129,0.00509,0.69600,0.02387,1.48163,-0.01657
92203000000,0.24279,5.44587,-0.54612,0.71769,-0.00136,0.00507,0.69634,0.01354,1.51861,-0.01899
92269000000,0.24423,5.54595,-0.54741,0.71667,-0.00139,0.00495,0.69739,0.02183,1.51631,-0.01950
92335000000,0.24496,5.64426,-0.54856,0.71599,-0.00132,0.00502,0.69809,0.01111,1.48955,-0.01747
92368000000,0.24633,5.69246,-0.54879,0.71546,-0.00130,0.00501,0.69864,0.04135,1.46073,-0.00697
92401000000,0.24656,5.74211,-0.54920,0.71511,-0.00128,0.00510,0.69900,0.00718,1.50438,-0.01238
92434000000,0.24737,5.79200,-0.54977,0.71462,-0.00126,0.00514,0.69949,0.02434,1.51195,-0.01729
92467000000,0.24704,5.84388,-0.55086,0.71437,-0.00121,0.00511,0.69975,-0.00986,1.57210,-0.03294
92500000000,0.24794,5.89267,-0.55126,0.71394,-0.00116,0.00507,0.70019,0.02735,1.47825,-0.01209
92566000000,0.24929,5.99107,-0.55189,0.71316,-0.00108,0.00536,0.70098,0.02032,1.49090,-0.00949
92632000000,0.24989,6.09063,-0.55291,0.71253,-0.00113,0.00520,0.70162,0.00921,1.50855,-0.01547
92665000000,0.25070,6.14154,-0.55405,0.71232,-0.00117,0.00529,0.70183,0.02453,1.54287,-0.03465
92731000000,0.25124,6.24061,-0.55527,0.71176,-0.00114,0.00521,0.70240,0.00817,1.50093,-0.01851
92764000000,0.25157,6.28999,-0.55570,0.71148,-0.00116,0.00517,0.70269,0.00986,1.49649,-0.01290
92830000000,0.24968,6.39009,-0.55513,0.71088,-0.00135,0.00520,0.70329,-0.02854,1.51664,0.00855
92863000000,0.25046,6.44001,-0.55606,0.71040,-0.00129,0.00515,0.70378,0.02337,1.51274,-0.02812
92896000000,0.25049,6.49103,-0.55689,0.70977,-0.00122,0.00502,0.70441,0.00100,1.54622,-0.02522
92929000000,0.25041,6.54201,-0.55739,0.70924,-0.00122,0.00520,0.70495,-0.00229,1.54479,-0.01514
92962000000,0.24985,6.59193,-0.55787,0.70862,-0.00117,0.00521,0.70557,-0.01714,1.51269,-0.01438
93028000000,0.24951,6.69519,-0.55999,0.70771,-0.00151,0.00515,0.70648,-0.00508,1.56449,-0.03220
93094000000,0.24831,6.79334,-0.56121,0.70667,-0.00134,0.00515,0.70752,-0.01816,1.48719,-0.01848
93127000000,0.24710,6.84339,-0.56207,0.70634,-0.00124,0.00504,0.70786,-0.03674,1.51659,-0.02596
93160000000,0.24632,6.88909,-0.55946,0.70598,-0.00157,0.00517,0.70821,-0.02369,1.38502,0.07918
93226000000,0.24446,6.98771,-0.56125,0.70520,-0.00129,0.00509,0.70899,-0.02820,1.49422,-0.02722
93259000000,0.24379,7.03657,-0.56161,0.70469,-0.00132,0.00511,0.70950,-0.02022,1.48055,-0.01095
93292000000,0.24279,7.08611,-0.56224,0.70443,-0.00123,0.00503,0.70975,-0.03021,1.50130,-0.01912
93358000000,0.24282,7.18710,-0.56415,0.70367,-0.00127,0.00509,0.71051,0.00046,1.53016,-0.02884
93391000000,0.24174,7.23640,-0.56473,0.70338,-0.00124,0.00501,0.71079,-0.03270,1.49384,-0.01769
93457000000,0.23931,7.33586,-0.56622,0.70276,-0.00120,0.00483,0.71141,-0.03691,1.50701,-0.02252
93490000000,0.23783,7.38474,-0.56624,0.70252,-0.00134,0.00484,0.71165,-0.04483,1.48117,-0.00055
93523000000,0.23594,7.43669,-0.56800,0.70203,-0.00106,0.00515,0.71213,-0.05731,1.57418,-0.05353
93556000000,0.23473,7.48497,-0.56808,0.70174,-0.00110,0.00507,0.71241,-0.03674,1.46292,-0.00242
93655000000,0.23116,7.63292,-0.56944,0.70092,-0.00096,0.00507,0.71322,-0.03604,1.49447,-0.01370
93688000000,0.22847,7.68644,-0.57067,0.70086,-0.00108,0.00490,0.71328,-0.08154,1.62171,-0.03731
93721000000,0.22717,7.73614,-0.57134,0.70057,-0.00099,0.00492,0.71357,-0.03931,1.50610,-0.02032
93754000000,0.22759,7.77924,-0.56933,0.70038,-0.00139,0.00497,0.71375,0.01262,1.30614,0.06095
93787000000,0.22614,7.82871,-0.56998,0.70020,-0.00129,0.00503,0.71393,-0.04370,1.49913,-0.01958
93820000000,0.22456,7.87834,-0.57073,0.69993,-0.00125,0.00481,0.71419,-0.04786,1.50376,-0.02293
93853000000,0.22405,7.92717,-0.57228,0.69972,-0.00123,0.00497,0.71439,-0.01561,1.47991,-0.04697
93886000000,0.22323,7.97554,-0.57253,0.69943,-0.00120,0.00496,0.71468,-0.02476,1.46561,-0.00747
93919000000,0.22160,8.02501,-0.57308,0.69933,-0.00116,0.00498,0.71478,-0.04933,1.49910,-0.01682
93952000000,0.21996,8.07475,-0.57352,0.69911,-0.00120,0.00494,0.71499,-0.04995,1.50724,-0.01329
94018000000,0.21752,8.17701,-0.57520,0.69884,-0.00112,0.00482,0.71526,-0.03696,1.54950,-0.02541
94051000000,0.21670,8.22709,-0.57553,0.69860,-0.00108,0.00498,0.71550,-0.02475,1.51744,-0.01015
94117000000,0.21331,8.32566,-0.57650,0.69828,-0.00107,0.00485,0.71581,-0.05138,1.49343,-0.01463
94183000000,0.20907,8.41955,-0.57676,0.69801,-0.00114,0.00478,0.71607,-0.06422,1.42264,-0.00399
94216000000,0.20790,8.46889,-0.57691,0.69794,-0.00114,0.00495,0.71614,-0.03549,1.49516,-0.00453
94315000000,0.20245,8.61751,-0.57821,0.69758,-0.00134,0.00473,0.71649,-0.05505,1.50122,-0.01310
94348000000,0.20097,8.66694,-0.57851,0.69739,-0.00127,0.00482,0.71668,-0.04494,1.49785,-0.00904
94414000000,0.19797,8.76711,-0.57916,0.69706,-0.00122,0.00489,0.71699,-0.04544,1.51780,-0.00989
94447000000,0.19670,8.81657,-0.57978,0.69701,-0.00120,0.00484,0.71704,-0.03855,1.49868,-0.01880
94480000000,0.19476,8.86662,-0.58026,0.69685,-0.00116,0.00504,0.71720,-0.05855,1.51657,-0.01451
94513000000,0.19240,8.91413,-0.57945,0.69678,-0.00128,0.00498,0.71726,-0.07169,1.43976,0.02450
94546000000,0.19090,8.96317,-0.57985,0.69665,-0.00118,0.00508,0.71739,-0.04546,1.48611,-0.01212
94612000000,0.18802,9.06232,-0.58120,0.69630,-0.00102,0.00505,0.71773,-0.04364,1.50221,-0.02043
94678000000,0.18457,9.16222,-0.58219,0.69605,-0.00105,0.00500,0.71798,-0.05218,1.51364,-0.01498
94711000000,0.18248,9.21335,-0.58276,0.69585,-0.00105,0.00497,0.71817,-0.06355,1.54952,-0.01739
94744000000,0.18151,9.26690,-0.58325,0.69536,-0.00126,0.00520,0.71864,-0.02925,1.62275,-0.01489
94810000000,0.17630,9.36759,-0.58414,0.69433,-0.00121,0.00509,0.71964,-0.07887,1.52549,-0.01348
94843000000,0.17382,9.41737,-0.58485,0.69388,-0.00122,0.00489,0.72007,-0.07526,1.50874,-0.02136
94876000000,0.17160,9.46540,-0.58401,0.69337,-0.00119,0.00516,0.72056,-0.06728,1.45534,0.02551
94942000000,0.16640,9.56313,-0.58503,0.69260,-0.00107,0.00512,0.72130,-0.07875,1.48077,-0.01550
94975000000,0.16381,9.61213,-0.58541,0.69226,-0.00107,0.00513,0.72163,-0.07853,1.48478,-0.01152
95008000000,0.16166,9.65974,-0.58590,0.69195,-0.00115,0.00504,0.72192,-0.06519,1.44268,-0.01488
95074000000,0.15593,9.75800,-0.58661,0.69126,-0.00115,0.00501,0.72258,-0.08690,1.48886,-0.01069
95107000000,0.15338,9.80748,-0.58697,0.69082,-0.00117,0.00508,0.72301,-0.07714,1.49938,-0.01111
95140000000,0.15061,9.85618,-0.58739,0.69056,-0.00120,0.00506,0.72326,-0.08403,1.47574,-0.01268
95173000000,0.14780,9.90439,-0.58765,0.69031,-0.00121,0.00494,0.72350,-0.08502,1.46094,-0.00797
95239000000,0.14072,10.00688,-0.58941,0.68978,-0.00122,0.00497,0.72400,-0.10735,1.55281,-0.02667
95305000000,0.13490,10.10546,-0.59047,0.68916,-0.00128,0.00488,0.72459,-0.08811,1.49361,-0.01598
95338000000,0.13263,10.15434,-0.59063,0.68889,-0.00126,0.00494,0.72485,-0.06889,1.48146,-0.00497
95371000000,0.12986,10.20326,-0.59111,0.68871,-0.00117,0.00490,0.72502,-0.08378,1.48227,-0.01447
95470000000,0.12194,10.34498,-0.59149,0.68798,-0.00117,0.00505,0.72572,-0.08002,1.43149,-0.00381
95503000000,0.11891,10.39367,-0.59181,0.68771,-0.00116,0.00501,0.72597,-0.09189,1.47542,-0.00972
95536000000,0.11616,10.44289,-0.59225,0.68748,-0.00114,0.00490,0.72618,-0.08326,1.49172,-0.01340
95569000000,0.11311,10.49215,-0.59253,0.68725,-0.00117,0.00496,0.72641,-0.09236,1.49273,-0.00830
95635000000,0.10777,10.59376,-0.59349,0.68677,-0.00111,0.00523,0.72686,-0.08099,1.53948,-0.01469
95668000000,0.10405,10.64375,-0.59425,0.68656,-0.00111,0.00517,0.72706,-0.11269,1.51484,-0.02282
95734000000,0.09841,10.74269,-0.59508,0.68618,-0.00110,0.00527,0.72742,-0.08539,1.49913,-0.01258
95767000000,0.09371,10.79125,-0.59390,0.68630,-0.00145,0.00480,0.72730,-0.14265,1.47143,0.03568
95833000000,0.08822,10.88890,-0.59505,0.68621,-0.00136,0.00480,0.72739,-0.08303,1.47951,-0.01748
95866000000,0.08558,10.93613,-0.59559,0.68640,-0.00127,0.00489,0.72721,-0.08014,1.43129,-0.01636
95899000000,0.08145,10.97932,-0.59556,0.68671,-0.00131,0.00503,0.72691,-0.12529,1.30882,0.00098
95932000000,0.07942,11.02805,-0.59614,0.68691,-0.00131,0.00492,0.72673,-0.06129,1.47684,-0.01755
95965000000,0.07704,11.07740,-0.59652,0.68705,-0.00132,0.00494,0.72659,-0.07234,1.49545,-0.01148
95998000000,0.07450,11.12683,-0.59708,0.68717,-0.00128,0.00501,0.72648,-0.07691,1.49767,-0.01705
96031000000,0.07191,11.17665,-0.59752,0.68726,-0.00126,0.00491,0.72639,-0.07852,1.50984,-0.01337
96097000000,0.06778,11.27558,-0.59839,0.68736,-0.00124,0.00497,0.72630,-0.06251,1.49893,-0.01320
96130000000,0.06528,11.32594,-0.59912,0.68741,-0.00123,0.00494,0.72625,-0.07587,1.52599,-0.02205
96163000000,0.06249,11.37506,-0.59941,0.68753,-0.00125,0.00500,0.72613,-0.08445,1.48845,-0.00873
96196000000,0.05888,11.42847,-0.59977,0.68774,-0.00115,0.00512,0.72594,-0.10955,1.61853,-0.01075
96229000000,0.05667,11.47781,-0.60025,0.68775,-0.00114,0.00512,0.72593,-0.06673,1.49530,-0.01477
96295000000,0.05162,11.57698,-0.60120,0.68793,-0.00114,0.00500,0.72576,-0.07661,1.50253,-0.01436
96328000000,0.05040,11.62551,-0.60143,0.68793,-0.00107,0.00512,0.72576,-0.03682,1.47068,-0.00707
96394000000,0.04539,11.72423,-0.60224,0.68814,-0.00109,0.00514,0.72556,-0.07596,1.49565,-0.01228
96460000000,0.03999,11.82294,-0.60325,0.68835,-0.00108,0.00503,0.72536,-0.08183,1.49565,-0.01529
96493000000,0.03745,11.87250,-0.60352,0.68842,-0.00109,0.00509,0.72530,-0.07677,1.50183,-0.00798
96559000000,0.03221,11.97243,-0.60439,0.68859,-0.00125,0.00493,0.72514,-0.07951,1.51415,-0.01329
96592000000,0.02940,12.02211,-0.60487,0.68851,-0.00095,0.00516,0.72521,-0.08517,1.50527,-0.01453
96658000000,0.02459,12.11995,-0.60554,0.68880,-0.00107,0.00508,0.72493,-0.07279,1.48250,-0.01011
96691000000,0.02228,12.16873,-0.60599,0.68906,-0.00110,0.00502,0.72468,-0.07014,1.47794,-0.01349
96757000000,0.01968,12.26233,-0.60639,0.69004,-0.00118,0.00497,0.72375,-0.03936,1.41829,-0.00607
96790000000,0.01829,12.30887,-0.60688,0.69072,-0.00111,0.00492,0.72311,-0.04207,1.41025,-0.01497
96823000000,0.01717,12.35664,-0.60756,0.69154,-0.00113,0.00487,0.72232,-0.03388,1.44762,-0.02053
96856000000,0.01624,12.40429,-0.60783,0.69246,-0.00113,0.00490,0.72144,-0.02836,1.44392,-0.00835
96889000000,0.01381,12.45547,-0.60733,0.69334,-0.00127,0.00502,0.72059,-0.07367,1.55082,0.01529
96922000000,0.01340,12.50445,-0.60808,0.69427,-0.00124,0.00502,0.71970,-0.01221,1.48426,-0.02264
96988000000,0.01235,12.60520,-0.60956,0.69564,-0.00125,0.00486,0.71838,-0.01602,1.52649,-0.02251
97054000000,0.01135,12.70485,-0.61052,0.69698,-0.00121,0.00492,0.71708,-0.01509,1.50983,-0.01456
97087000000,0.01133,12.75423,-0.61090,0.69764,-0.00121,0.00497,0.71643,-0.00058,1.49637,-0.01135
97120000000,0.01024,12.80008,-0.61093,0.69842,-0.00129,0.00496,0.71567,-0.03291,1.38942,-0.00099
97219000000,0.01003,12.94933,-0.61222,0.70011,-0.00133,0.00492,0.71401,-0.00218,1.50759,-0.01309
97285000000,0.01033,13.04914,-0.61338,0.70118,-0.00126,0.00492,0.71296,0.00464,1.51230,-0.01755
97318000000,0.00892,13.09942,-0.61578,0.70163,-0.00132,0.00472,0.71252,-0.04300,1.52371,-0.07259
97384000000,0.00980,13.19825,-0.61627,0.70252,-0.00122,0.00485,0.71164,0.01333,1.49734,-0.00748
97417000000,0.01009,13.24779,-0.61668,0.70298,-0.00126,0.00486,0.71119,0.00898,1.50146,-0.01222
97483000000,0.00989,13.34727,-0.61741,0.70390,-0.00132,0.00491,0.71028,-0.00305,1.50724,-0.01110
97516000000,0.01022,13.39710,-0.61776,0.70430,-0.00132,0.00482,0.70989,0.01001,1.50987,-0.01081
97549000000,0.01041,13.44791,-0.61764,0.70463,-0.00128,0.00489,0.70956,0.00559,1.53978,0.00370
97615000000,0.01114,13.54733,-0.61843,0.70544,-0.00126,0.00497,0.70875,0.01109,1.50636,-0.01192
97648000000,0.01171,13.59624,-0.61874,0.70584,-0.00123,0.00509,0.70835,0.01747,1.48227,-0.00947
97681000000,0.01248,13.64483,-0.61939,0.70636,-0.00123,0.00499,0.70784,0.02313,1.47216,-0.01975
97714000000,0.01388,13.69238,-0.62030,0.70696,-0.00117,0.00503,0.70723,0.04259,1.44118,-0.02734
97747000000,0.01527,13.73972,-0.62103,0.70762,-0.00110,0.00490,0.70658,0.04217,1.43447,-0.02218
97780000000,0.01630,13.78753,-0.62160,0.70835,-0.00120,0.00483,0.70585,0.03118,1.44857,-0.01728
97846000000,0.02014,13.88046,-0.62240,0.71029,-0.00116,0.00489,0.70389,0.05813,1.40807,-0.01209
97879000000,0.02207,13.92464,-0.62131,0.71160,-0.00119,0.00489,0.70257,0.05864,1.33890,0.03281
97945000000,0.02835,14.01731,-0.62209,0.71450,-0.00126,0.00493,0.69962,0.09511,1.40404,-0.01175
98011000000,0.03596,14.11291,-0.62289,0.71806,-0.00128,0.00497,0.69597,0.11531,1.44850,-0.01211
98077000000,0.04386,14.21251,-0.62492,0.72148,-0.00126,0.00496,0.69242,0.11969,1.50913,-0.03075
98110000000,0.04857,14.26258,-0.62552,0.72324,-0.00130,0.00490,0.69058,0.14265,1.51727,-0.01815
98143000000,0.05362,14.31274,-0.62621,0.72489,-0.00139,0.00482,0.68885,0.15305,1.51981,-0.02113
98176000000,0.05905,14.36300,-0.62678,0.72638,-0.00134,0.00486,0.68727,0.16442,1.52313,-0.01713
98209000000,0.06596,14.41124,-0.62879,0.72807,-0.00135,0.00480,0.68548,0.20950,1.46198,-0.06109
98275000000,0.07761,14.50920,-0.62993,0.73126,-0.00132,0.00482,0.68208,0.17655,1.48424,-0.01714
98341000000,0.08999,14.60518,-0.63104,0.73459,-0.00127,0.00480,0.67849,0.18757,1.45414,-0.01686
98407000000,0.10351,14.69861,-0.63173,0.73831,-0.00141,0.00478,0.67444,0.20481,1.41569,-0.01041
98473000000,0.11797,14.79267,-0.63285,0.74223,-0.00143,0.00470,0.67013,0.21904,1.42512,-0.01704
98506000000,0.12629,14.83675,-0.63272,0.74454,-0.00145,0.00485,0.66756,0.25233,1.33561,0.00398
98539000000,0.13551,14.88237,-0.63351,0.74697,-0.00146,0.00481,0.66484,0.27945,1.38260,-0.02400
98605000000,0.15670,14.97158,-0.63392,0.75237,-0.00139,0.00476,0.65872,0.32097,1.35159,-0.00626
98638000000,0.16784,15.01358,-0.63394,0.75545,-0.00147,0.00470,0.65519,0.33762,1.27278,-0.00046
98704000000,0.19248,15.09781,-0.63419,0.76231,-0.00145,0.00486,0.64719,0.37333,1.27628,-0.00383
98770000000,0.22077,15.18166,-0.63461,0.77018,-0.00158,0.00486,0.63781,0.42860,1.27037,-0.00628
98836000000,0.25335,15.26072,-0.63565,0.77964,-0.00163,0.00475,0.62621,0.49363,1.19792,-0.01585
98902000000,0.29163,15.34186,-0.63616,0.79033,-0.00181,0.00476,0.61266,0.58010,1.22945,-0.00760
98935000000,0.31285,15.38196,-0.63652,0.79631,-0.00186,0.00478,0.60487,0.64292,1.21518,-0.01105
99001000000,0.36028,15.46097,-0.63741,0.80973,-0.00192,0.00475,0.58678,0.71863,1.19701,-0.01346
99067000000,0.41392,15.54325,-0.63926,0.82539,-0.00214,0.00466,0.56454,0.81267,1.24670,-0.02813
99100000000,0.44531,15.58130,-0.63975,0.83395,-0.00216,0.00464,0.55182,0.95148,1.15299,-0.01459
99133000000,0.47857,15.61897,-0.64027,0.84316,-0.00216,0.00463,0.53763,1.00777,1.14158,-0.01591
99166000000,0.51478,15.65524,-0.64067,0.85273,-0.00232,0.00456,0.52233,1.09727,1.09924,-0.01224
99232000000,0.59955,15.72692,-0.64231,0.87356,-0.00227,0.00469,0.48669,1.28441,1.08600,-0.02476
99265000000,0.64277,15.75817,-0.64290,0.88389,-0.00243,0.00454,0.46768,1.30958,0.94714,-0.01786
99298000000,0.68704,15.78756,-0.64352,0.89378,-0.00247,0.00448,0.44848,1.34149,0.89044,-0.01878
99331000000,0.73305,15.81469,-0.64385,0.90318,-0.00259,0.00453,0.42924,1.39448,0.82201,-0.01010
99397000000,0.82354,15.85694,-0.64437,0.92050,-0.00312,0.00428,0.39070,1.37092,0.64023,-0.00792
99430000000,0.87190,15.87594,-0.64483,0.92833,-0.00310,0.00416,0.37171,1.46567,0.57564,-0.01371
99463000000,0.92109,15.89323,-0.64524,0.93564,-0.00325,0.00412,0.35293,1.49048,0.52415,-0.01259
99529000000,1.02173,15.92227,-0.64575,0.94862,-0.00313,0.00424,0.31638,1.52485,0.43998,-0.00768
99595000000,1.12310,15.94406,-0.64666,0.95955,-0.00315,0.00408,0.28149,1.53591,0.33017,-0.01387
99661000000,1.22487,15.96309,-0.64736,0.96829,-0.00341,0.00400,0.24979,1.54194,0.28823,-0.01057
99727000000,1.33473,15.97262,-0.64826,0.97547,-0.00324,0.00398,0.22009,1.66462,0.14442,-0.01364
99793000000,1.43909,15.97977,-0.64901,0.98132,-0.00319,0.00369,0.19234,1.58112,0.10837,-0.01131
99925000000,1.65444,15.98480,-0.65045,0.98987,-0.00346,0.00343,0.14191,1.63145,0.03812,-0.01091
99958000000,1.70917,15.98393,-0.65044,0.99142,-0.00348,0.00350,0.13059,1.65865,-0.02633,0.00036
100057000000,1.87638,15.97898,-0.65101,0.99506,-0.00359,0.00344,0.09919,1.68898,-0.05001,-0.00577
100123000000,1.98048,15.97325,-0.65297,0.99690,-0.00412,0.00311,0.07849,1.57719,-0.08680,-0.02975
100156000000,2.03503,15.96851,-0.65349,0.99762,-0.00414,0.00301,0.06878,1.65319,-0.14383,-0.01563
100222000000,2.14239,15.95779,-0.65375,0.99876,-0.00416,0.00307,0.04946,1.62669,-0.16237,-0.00399
100255000000,2.19626,15.95025,-0.65247,0.99919,-0.00412,0.00284,0.03991,1.63249,-0.22839,0.03895
100321000000,2.30421,15.93527,-0.65303,0.99974,-0.00421,0.00276,0.02223,1.63552,-0.22709,-0.00851
100387000000,2.41236,15.91873,-0.65309,0.99997,-0.00423,0.00271,0.00541,1.63863,-0.25054,-0.00090
100453000000,2.52296,15.90116,-0.65378,0.99994,-0.00425,0.00271,-0.01009,1.67574,-0.26628,-0.01045
100486000000,2.58304,15.89517,-0.65656,0.99984,-0.00403,0.00305,-0.01743,1.82067,-0.18149,-0.08434
100519000000,2.63744,15.88511,-0.65704,0.99971,-0.00400,0.00298,-0.02361,1.64843,-0.30480,-0.01471
100552000000,2.69371,15.87599,-0.65766,0.99955,-0.00403,0.00290,-0.02944,1.70513,-0.27642,-0.01865
100585000000,2.74963,15.86684,-0.65779,0.99939,-0.00402,0.00288,-0.03447,1.69474,-0.27709,-0.00383
100684000000,2.91986,15.84179,-0.65910,0.99898,-0.00396,0.00276,-0.04482,1.71943,-0.25307,-0.01331
100717000000,2.97791,15.83322,-0.66072,0.99892,-0.00359,0.00282,-0.04618,1.75933,-0.25957,-0.04892
100783000000,3.09223,15.82162,-0.66175,0.99887,-0.00341,0.00274,-0.04727,1.73203,-0.17578,-0.01563
100849000000,3.20310,15.81333,-0.66204,0.99896,-0.00348,0.00277,-0.04548,1.67994,-0.12558,-0.00432
100882000000,3.25779,15.80885,-0.66409,0.99904,-0.00340,0.00295,-0.04350,1.65707,-0.13597,-0.06228
100915000000,3.31069,15.80551,-0.66399,0.99913,-0.00331,0.00296,-0.04150,1.60321,-0.10123,0.00312
100948000000,3.36342,15.80404,-0.66467,0.99922,-0.00331,0.00290,-0.03935,1.59778,-0.04445,-0.02072
101014000000,3.47031,15.80208,-0.66530,0.99942,-0.00326,0.00294,-0.03388,1.61954,-0.02964,-0.00948
101080000000,3.57767,15.80301,-0.66564,0.99962,-0.00331,0.00305,-0.02708,1.62662,0.01400,-0.00515
101113000000,3.63352,15.80615,-0.66698,0.99973,-0.00316,0.00298,-0.02291,1.69256,0.09511,-0.04055
101212000000,3.79921,15.81689,-0.66799,0.99996,-0.00309,0.00311,-0.00749,1.67360,0.10852,-0.01027
101278000000,3.90870,15.83068,-0.66895,0.99998,-0.00295,0.00312,0.00552,1.65897,0.20901,-0.01457
101344000000,4.01504,15.84864,-0.66995,0.99979,-0.00293,0.00313,0.01985,1.61117,0.27200,-0.01502
101443000000,4.17036,15.88117,-0.67246,0.99912,-0.00249,0.00325,0.04183,1.56889,0.32866,-0.02543
101476000000,4.21773,15.89305,-0.67252,0.99881,-0.00244,0.00332,0.04866,1.43558,0.36003,-0.00187
101509000000,4.26627,15.90373,-0.67268,0.99853,-0.00240,0.00336,0.05398,1.47080,0.32364,-0.00483
101575000000,4.36342,15.92516,-0.67338,0.99805,-0.00249,0.00336,0.06221,1.47195,0.32468,-0.01061
101608000000,4.41156,15.93589,-0.67383,0.99782,-0.00239,0.00338,0.06585,1.45890,0.32497,-0.01344
101641000000,4.45973,15.94723,-0.67482,0.99758,-0.00233,0.00347,0.06933,1.45966,0.34361,-0.03008
101674000000,4.50653,15.95782,-0.67516,0.99734,-0.00231,0.00343,0.07272,1.41833,0.32095,-0.01036
101740000000,4.60058,15.97953,-0.67600,0.99686,-0.00223,0.00337,0.07902,1.42496,0.32902,-0.01265
101773000000,4.64718,15.99073,-0.67608,0.99663,-0.00214,0.00348,0.08197,1.41220,0.33939,-0.00266
101806000000,4.69449,16.00242,-0.67649,0.99638,-0.00207,0.00349,0.08488,1.43363,0.35416,-0.01220
101839000000,4.74172,16.01423,-0.67691,0.99615,-0.00210,0.00345,0.08755,1.43122,0.35771,-0.01285
101872000000,4.78934,16.02596,-0.67739,0.99592,-0.00207,0.00346,0.09020,1.44298,0.35558,-0.01449
101905000000,4.84339,16.04067,-0.67963,0.99571,-0.00226,0.00343,0.09243,1.63779,0.44586,-0.06792
101971000000,4.93788,16.06467,-0.68042,0.99526,-0.00226,0.00342,0.09721,1.43177,0.36355,-0.01201
102004000000,4.98462,16.07719,-0.68058,0.99502,-0.00227,0.00340,0.09960,1.41634,0.37950,-0.00479
102037000000,5.03161,16.08935,-0.68071,0.99479,-0.00222,0.00357,0.10182,1.42381,0.36852,-0.00402
102070000000,5.07807,16.10228,-0.68103,0.99458,-0.00220,0.00355,0.10386,1.40791,0.39170,-0.00954
102103000000,5.12504,16.11486,-0.68147,0.99438,-0.00217,0.00352,0.10582,1.42332,0.38118,-0.01337
102136000000,5.17225,16.12752,-0.68186,0.99416,-0.00219,0.00355,0.10786,1.43064,0.38384,-0.01179
102169000000,5.21947,16.14093,-0.68229,0.99396,-0.00219,0.00350,0.10966,1.43099,0.40615,-0.01293
102235000000,5.31329,16.16612,-0.67991,0.99359,-0.00284,0.00347,0.11295,1.42149,0.38167,0.03600
102268000000,5.36011,16.17874,-0.68031,0.99339,-0.00280,0.00341,0.11474,1.41884,0.38263,-0.01224
102334000000,5.45593,16.20601,-0.68096,0.99289,-0.00267,0.00350,0.11899,1.45181,0.41320,-0.00983
102367000000,5.50341,16.22098,-0.68132,0.99256,-0.00259,0.00358,0.12170,1.43881,0.45343,-0.01076
102433000000,5.59869,16.25348,-0.68227,0.99163,-0.00258,0.00359,0.12903,1.44354,0.49247,-0.01441
102466000000,5.64596,16.27109,-0.68281,0.99111,-0.00259,0.00350,0.13294,1.43238,0.53354,-0.01625
102499000000,5.69328,16.28820,-0.68312,0.99060,-0.00261,0.00351,0.13669,1.43414,0.51868,-0.00940
102565000000,5.78283,16.32173,-0.68424,0.98990,-0.00240,0.00373,0.14173,1.35678,0.50802,-0.01708
102631000000,5.87389,16.35402,-0.68428,0.98940,-0.00241,0.00376,0.14515,1.37975,0.48918,-0.00049
102697000000,5.96707,16.38741,-0.68530,0.98893,-0.00256,0.00365,0.14828,1.41178,0.50600,-0.01550
102730000000,6.01295,16.40394,-0.68554,0.98869,-0.00247,0.00372,0.14991,1.39024,0.50088,-0.00725
102796000000,6.10575,16.43660,-0.68688,0.98824,-0.00237,0.00402,0.15283,1.40612,0.49478,-0.02030
102862000000,6.19775,16.46957,-0.68787,0.98782,-0.00236,0.00400,0.15553,1.39383,0.49949,-0.01499
102895000000,6.24409,16.48638,-0.68836,0.98762,-0.00233,0.00405,0.15679,1.40424,0.50944,-0.01501
102928000000,6.29068,16.50352,-0.68872,0.98742,-0.00229,0.00401,0.15807,1.41199,0.51961,-0.01074
102994000000,6.38369,16.53740,-0.68983,0.98702,-0.00231,0.00403,0.16051,1.40917,0.51325,-0.01679
103027000000,6.43879,16.55540,-0.69049,0.98688,-0.00268,0.00369,0.16136,1.66980,0.54544,-0.02010
103060000000,6.48539,16.57224,-0.69097,0.98669,-0.00273,0.00371,0.16252,1.41207,0.51030,-0.01466
103126000000,6.57815,16.60670,-0.69184,0.98635,-0.00266,0.00369,0.16461,1.40542,0.52206,-0.01309
103159000000,6.62367,16.62403,-0.69201,0.98619,-0.00271,0.00374,0.16555,1.37966,0.52516,-0.00520
103192000000,6.66998,16.64168,-0.69266,0.98603,-0.00277,0.00365,0.16651,1.40329,0.53498,-0.01984
103225000000,6.71573,16.65915,-0.69291,0.98587,-0.00279,0.00369,0.16742,1.38627,0.52943,-0.00752
103258000000,6.75227,16.67904,-0.69425,0.98583,-0.00221,0.00418,0.16766,1.10719,0.60261,-0.04057
103291000000,6.79695,16.69661,-0.69437,0.98563,-0.00258,0.00413,0.16888,1.35396,0.53261,-0.00374
103324000000,6.84245,16.71394,-0.69509,0.98547,-0.00267,0.00399,0.16978,1.37890,0.52493,-0.02164
103390000000,6.93418,16.74963,-0.69603,0.98521,-0.00256,0.00395,0.17126,1.38983,0.54088,-0.01433
103456000000,7.02117,16.78678,-0.69659,0.98504,-0.00269,0.00407,0.17223,1.31804,0.56284,-0.00841
103489000000,7.06689,16.80361,-0.69687,0.98489,-0.00264,0.00411,0.17311,1.38540,0.51007,-0.00840
103555000000,7.16008,16.83907,-0.69802,0.98464,-0.00253,0.00407,0.17451,1.41199,0.53724,-0.01746
103588000000,7.20526,16.85659,-0.69837,0.98449,-0.00255,0.00408,0.17538,1.36910,0.53099,-0.01065
103654000000,7.29643,16.89162,-0.69830,0.98425,-0.00256,0.00412,0.17672,1.38140,0.53073,0.00097
103720000000,7.38952,16.92662,-0.69899,0.98402,-0.00270,0.00432,0.17799,1.41040,0.53024,-0.01033
103786000000,7.48221,16.96301,-0.70011,0.98384,-0.00265,0.00438,0.17898,1.40434,0.55145,-0.01698
103852000000,7.57365,16.99941,-0.70105,0.98364,-0.00257,0.00431,0.18009,1.38558,0.55143,-0.01433
103885000000,7.61934,17.01706,-0.70135,0.98353,-0.00263,0.00425,0.18070,1.38436,0.53475,-0.00909
103951000000,7.71287,17.05576,-0.70195,0.98335,-0.00229,0.00446,0.18165,1.41722,0.58645,-0.00898
103984000000,7.75905,17.07397,-0.70230,0.98326,-0.00224,0.00450,0.18215,1.39920,0.55174,-0.01073
104017000000,7.80531,17.09220,-0.70308,0.98318,-0.00226,0.00443,0.18259,1.40192,0.55255,-0.02369
104083000000,7.89505,17.12993,-0.70628,0.98310,-0.00191,0.00431,0.18302,1.35962,0.57160,-0.04851
104116000000,7.94028,17.14845,-0.70655,0.98305,-0.00201,0.00434,0.18327,1.37068,0.56140,-0.00813
104182000000,8.03185,17.18439,-0.70714,0.98290,-0.00194,0.00444,0.18409,1.38740,0.54443,-0.00894
104248000000,8.12388,17.22130,-0.70837,0.98276,-0.00207,0.00433,0.18482,1.39446,0.55926,-0.01866
104281000000,8.17097,17.24148,-0.71076,0.98271,-0.00178,0.00423,0.18511,1.42704,0.61151,-0.07245
104314000000,8.21633,17.25932,-0.71103,0.98260,-0.00176,0.00424,0.18570,1.37436,0.54076,-0.00804
104347000000,8.26220,17.27760,-0.71135,0.98254,-0.00172,0.00430,0.18601,1.39011,0.55371,-0.00985
104380000000,8.30818,17.29657,-0.71199,0.98254,-0.00184,0.00425,0.18600,1.39314,0.57492,-0.01917
104446000000,8.39777,17.33210,-0.71232,0.98241,-0.00199,0.00448,0.18669,1.35756,0.53833,-0.00506
104545000000,8.53631,17.38756,-0.71395,0.98224,-0.00199,0.00448,0.18755,1.39941,0.56020,-0.01644
104611000000,8.62829,17.42528,-0.71467,0.98218,-0.00207,0.00455,0.18786,1.39362,0.57148,-0.01096
104644000000,8.67373,17.44435,-0.71504,0.98207,-0.00205,0.00450,0.18847,1.37690,0.57810,-0.01117
104677000000,8.71868,17.46311,-0.71531,0.98206,-0.00210,0.00459,0.18850,1.36196,0.56839,-0.00802
104710000000,8.76524,17.48180,-0.71595,0.98201,-0.00206,0.00453,0.18878,1.41106,0.56648,-0.01946
104743000000,8.81128,17.50064,-0.71624,0.98194,-0.00211,0.00463,0.18911,1.39508,0.57088,-0.00878
104776000000,8.85417,17.51851,-0.71798,0.98190,-0.00212,0.00459,0.18932,1.29983,0.54146,-0.05265
104842000000,8.94552,17.55620,-0.71868,0.98185,-0.00219,0.00460,0.18957,1.38408,0.57105,-0.01075
104908000000,9.03675,17.59393,-0.71927,0.98182,-0.00220,0.00466,0.18976,1.38219,0.57163,-0.00888
104941000000,9.08242,17.61211,-0.71981,0.98175,-0.00208,0.00465,0.19012,1.38410,0.55093,-0.01631
105007000000,9.17386,17.64973,-0.72092,0.98168,-0.00222,0.00461,0.19046,1.38534,0.57004,-0.01687
105040000000,9.22183,17.67199,-0.72270,0.98174,-0.00227,0.00458,0.19018,1.45366,0.67462,-0.05401
105073000000,9.26789,17.69090,-0.72346,0.98172,-0.00234,0.00450,0.19026,1.39598,0.57290,-0.02299
105106000000,9.31348,17.71044,-0.72401,0.98172,-0.00246,0.00451,0.19028,1.38153,0.59215,-0.01643
105205000000,9.45391,17.76731,-0.72537,0.98162,-0.00242,0.00417,0.19076,1.41847,0.57442,-0.01382
105238000000,9.49953,17.78586,-0.72570,0.98159,-0.00242,0.00419,0.19093,1.38219,0.56215,-0.01002
105304000000,9.59131,17.82388,-0.72693,0.98153,-0.00246,0.00411,0.19124,1.39062,0.57611,-0.01855
105370000000,9.68136,17.86237,-0.72866,0.98149,-0.00208,0.00429,0.19147,1.36445,0.58316,-0.02627
105403000000,9.72706,17.88120,-0.72898,0.98147,-0.00217,0.00434,0.19155,1.38491,0.57064,-0.00971
105436000000,9.77333,17.90030,-0.72964,0.98145,-0.00216,0.00432,0.19164,1.40199,0.57885,-0.02001
105469000000,9.81915,17.91846,-0.73061,0.98142,-0.00178,0.00441,0.19181,1.38861,0.55024,-0.02927
105502000000,9.86493,17.93688,-0.73079,0.98139,-0.00176,0.00455,0.19198,1.38710,0.55810,-0.00545
105568000000,9.95711,17.97403,-0.73192,0.98130,-0.00176,0.00446,0.19244,1.39667,0.56284,-0.01717
105601000000,10.00271,17.99236,-0.73237,0.98127,-0.00176,0.00448,0.19258,1.38185,0.55567,-0.01341
105667000000,10.09460,18.03039,-0.73351,0.98124,-0.00162,0.00473,0.19271,1.39232,0.57613,-0.01727
105700000000,10.14034,18.04852,-0.73424,0.98120,-0.00155,0.00458,0.19291,1.38618,0.54943,-0.02228
105733000000,10.18612,18.06703,-0.73464,0.98116,-0.00154,0.00470,0.19311,1.38710,0.56093,-0.01204
105766000000,10.23205,18.08851,-0.73645,0.98133,-0.00207,0.00416,0.19225,1.39190,0.65098,-0.05486
105799000000,10.27834,18.10708,-0.73686,0.98126,-0.00214,0.00410,0.19261,1.40277,0.56255,-0.01263
105865000000,10.36982,18.14444,-0.73738,0.98125,-0.00211,0.00422,0.19266,1.38602,0.56605,-0.00784
105931000000,10.46175,18.18224,-0.73833,0.98125,-0.00207,0.00429,0.19269,1.39281,0.57272,-0.01437
105997000000,10.55414,18.22030,-0.73948,0.98122,-0.00216,0.00418,0.19282,1.39995,0.57680,-0.01735
106030000000,10.60129,18.23870,-0.73940,0.98115,-0.00176,0.00464,0.19318,1.42886,0.55758,0.00222
106063000000,10.64685,18.25754,-0.74002,0.98115,-0.00161,0.00458,0.19321,1.38040,0.57088,-0.01860
106096000000,10.69278,18.27612,-0.74047,0.98113,-0.00165,0.00461,0.19331,1.39176,0.56296,-0.01361
106129000000,10.73830,18.29500,-0.74099,0.98113,-0.00159,0.00456,0.19331,1.37942,0.57197,-0.01578
106195000000,10.83171,18.33376,-0.74182,0.98121,-0.00182,0.00446,0.19289,1.41535,0.58726,-0.01262
106228000000,10.87691,18.35182,-0.74222,0.98115,-0.00181,0.00433,0.19320,1.36968,0.54741,-0.01221
106294000000,10.96772,18.38989,-0.74304,0.98115,-0.00185,0.00433,0.19317,1.37592,0.57677,-0.01241
106327000000,11.01360,18.40884,-0.74348,0.98115,-0.00193,0.00434,0.19317,1.39040,0.57434,-0.01323
106393000000,11.10313,18.44501,-0.74436,0.98108,-0.00180,0.00440,0.19354,1.35652,0.54810,-0.01335
106426000000,11.14872,18.46340,-0.74506,0.98107,-0.00165,0.00436,0.19358,1.38153,0.55723,-0.02113
106459000000,11.19438,18.48251,-0.74559,0.98107,-0.00181,0.00427,0.19358,1.38358,0.57908,-0.01608
106525000000,11.28921,18.52295,-0.74684,0.98104,-0.00178,0.00431,0.19374,1.43683,0.61266,-0.01898
106591000000,11.38080,18.56089,-0.74764,0.98104,-0.00178,0.00437,0.19377,1.38771,0.57489,-0.01215
106624000000,11.42630,18.57992,-0.74836,0.98104,-0.00178,0.00423,0.19373,1.37870,0.57648,-0.02174
106690000000,11.51821,18.61812,-0.74927,0.98108,-0.00177,0.00426,0.19356,1.39258,0.57885,-0.01374
106789000000,11.65473,18.67382,-0.75081,0.98095,-0.00167,0.00443,0.19418,1.37900,0.56265,-0.01561
106822000000,11.70037,18.69272,-0.75133,0.98094,-0.00169,0.00439,0.19425,1.38297,0.57261,-0.01568
106855000000,11.74644,18.71149,-0.75196,0.98091,-0.00166,0.00441,0.19440,1.39601,0.56891,-0.01905
106921000000,11.83788,18.74808,-0.75239,0.98086,-0.00157,0.00447,0.19467,1.38546,0.55437,-0.00660
106954000000,11.88392,18.76660,-0.75300,0.98089,-0.00137,0.00452,0.19451,1.39525,0.56122,-0.01833
107020000000,11.97512,18.80378,-0.75405,0.98085,-0.00138,0.00453,0.19471,1.38176,0.56325,-0.01598
107053000000,12.02053,18.82319,-0.75438,0.98087,-0.00129,0.00459,0.19459,1.37633,0.58845,-0.00984
107119000000,12.11210,18.86118,-0.75522,0.98089,-0.00124,0.00457,0.19451,1.38734,0.57553,-0.01271
107152000000,12.16040,18.87966,-0.75553,0.98088,-0.00128,0.00464,0.19456,1.46380,0.56007,-0.00941
107185000000,12.20531,18.89897,-0.75622,0.98093,-0.00147,0.00464,0.19429,1.36078,0.58509,-0.02109
107218000000,12.25079,18.91770,-0.75663,0.98090,-0.00149,0.00455,0.19447,1.37818,0.56752,-0.01233
107251000000,12.29671,18.93699,-0.75717,0.98092,-0.00149,0.00454,0.19436,1.39158,0.58446,-0.01623
107284000000,12.34233,18.95660,-0.75758,0.98097,-0.00152,0.00462,0.19411,1.38242,0.59428,-0.01241
107317000000,12.39008,18.97651,-0.75769,0.98103,-0.00175,0.00430,0.19381,1.44701,0.60347,-0.00349
107350000000,12.43540,18.99529,-0.75797,0.98103,-0.00178,0.00429,0.19382,1.37318,0.56914,-0.00842
107383000000,12.48104,19.01384,-0.75867,0.98102,-0.00177,0.00417,0.19386,1.38320,0.56209,-0.02119
107416000000,12.52707,19.03290,-0.75930,0.98100,-0.00178,0.00413,0.19397,1.39488,0.57741,-0.01905
107449000000,12.57279,19.05187,-0.75972,0.98102,-0.00182,0.00420,0.19383,1.38517,0.57504,-0.01294
107482000000,12.61891,19.07056,-0.76061,0.98099,-0.00174,0.00405,0.19399,1.39771,0.56637,-0.02681
107515000000,12.66434,19.09013,-0.76075,0.98106,-0.00182,0.00415,0.19366,1.37656,0.59295,-0.00419
107548000000,12.71010,19.10964,-0.76126,0.98109,-0.00182,0.00416,0.19349,1.38664,0.59128,-0.01560
107581000000,12.75326,19.12685,-0.76216,0.98090,-0.00158,0.00468,0.19446,1.30812,0.52140,-0.02723
107614000000,12.79906,19.14531,-0.76244,0.98088,-0.00155,0.00468,0.19455,1.38768,0.55955,-0.00839
107647000000,12.84454,19.16473,-0.76306,0.98091,-0.00151,0.00464,0.19438,1.37832,0.58839,-0.01904
107713000000,12.93582,19.20262,-0.76394,0.98092,-0.00163,0.00463,0.19435,1.38296,0.57411,-0.01330
107779000000,13.02832,19.24165,-0.76416,0.98092,-0.00139,0.00466,0.19433,1.40151,0.59139,-0.00335
107812000000,13.07362,19.26040,-0.76467,0.98091,-0.00144,0.00463,0.19440,1.37286,0.56793,-0.01544
107845000000,13.11958,19.27893,-0.76526,0.98088,-0.00137,0.00464,0.19455,1.39257,0.56163,-0.01765
107878000000,13.16493,19.29623,-0.76495,0.98088,-0.00161,0.00461,0.19456,1.37427,0.52435,0.00920
107911000000,13.21051,19.31481,-0.76528,0.98086,-0.00153,0.00461,0.19464,1.38124,0.56284,-0.01005
107977000000,13.30179,19.35246,-0.76623,0.98086,-0.00159,0.00447,0.19466,1.38309,0.57050,-0.01431
108043000000,13.39404,19.39080,-0.76747,0.98089,-0.00155,0.00452,0.19449,1.39775,0.58099,-0.01877
108076000000,13.44011,19.40987,-0.76782,0.98088,-0.00151,0.00464,0.19456,1.39589,0.57787,-0.01078
108109000000,13.48508,19.43052,-0.76884,0.98090,-0.00150,0.00461,0.19445,1.36295,0.62549,-0.03088
108175000000,13.57712,19.46807,-0.76996,0.98080,-0.00156,0.00459,0.19495,1.39440,0.56897,-0.01701
108208000000,13.62279,19.48734,-0.77040,0.98071,-0.00156,0.00458,0.19542,1.38401,0.58417,-0.01323
108241000000,13.66885,19.50681,-0.77079,0.98051,-0.00158,0.00461,0.19640,1.39595,0.58978,-0.01195
108274000000,13.71405,19.52667,-0.77011,0.98030,-0.00127,0.00516,0.19746,1.36948,0.60197,0.02062
108307000000,13.75992,19.54626,-0.77089,0.97989,-0.00112,0.00501,0.19945,1.39017,0.59353,-0.02364
108340000000,13.80614,19.56648,-0.77176,0.97943,-0.00107,0.00493,0.20171,1.40066,0.61272,-0.02620
108406000000,13.89849,19.61057,-0.77290,0.97819,-0.00091,0.00496,0.20767,1.39914,0.66806,-0.01733
108439000000,13.94492,19.63367,-0.77365,0.97733,-0.00102,0.00484,0.21164,1.40716,0.70005,-0.02276
108472000000,13.98946,19.65928,-0.77315,0.97642,-0.00106,0.00514,0.21580,1.34959,0.77606,0.01517
108538000000,14.07956,19.71023,-0.77490,0.97414,-0.00102,0.00500,0.22590,1.36516,0.77193,-0.02645
108571000000,14.12452,19.73631,-0.77584,0.97289,-0.00095,0.00489,0.23123,1.36242,0.79022,-0.02841
108637000000,14.21235,19.78935,-0.77636,0.97047,-0.00077,0.00510,0.24116,1.33082,0.80375,-0.00799
108670000000,14.25488,19.81673,-0.77703,0.96942,-0.00065,0.00508,0.24537,1.28862,0.82970,-0.02023
108703000000,14.29631,19.84428,-0.77762,0.96846,-0.00068,0.00504,0.24913,1.25553,0.83478,-0.01788
108769000000,14.38026,19.89810,-0.77860,0.96684,-0.00026,0.00511,0.25533,1.27200,0.81548,-0.01481
108802000000,14.42110,19.92524,-0.77904,0.96628,-0.00029,0.00514,0.25743,1.23746,0.82241,-0.01350
108835000000,14.46205,19.95290,-0.77981,0.96583,-0.00023,0.00510,0.25911,1.24085,0.83819,-0.02313
108901000000,14.54713,20.00851,-0.78213,0.96447,-0.00044,0.00499,0.26413,1.28914,0.84250,-0.03519
108934000000,14.58786,20.03693,-0.78248,0.96369,-0.00060,0.00496,0.26697,1.23437,0.86137,-0.01062
108967000000,14.62808,20.06562,-0.78322,0.96278,-0.00053,0.00481,0.27026,1.21865,0.86935,-0.02245
109000000000,14.66887,20.09476,-0.78373,0.96164,-0.00048,0.00485,0.27428,1.23590,0.88293,-0.01528
109033000000,14.70911,20.12475,-0.78387,0.96037,-0.00040,0.00492,0.27868,1.21940,0.90871,-0.00429
109099000000,14.78915,20.18709,-0.78473,0.95739,-0.00034,0.00492,0.28877,1.21286,0.94463,-0.01304
109132000000,14.82898,20.22032,-0.78552,0.95568,-0.00024,0.00486,0.29437,1.20677,1.00685,-0.02390
109198000000,14.90543,20.28745,-0.78619,0.95144,-0.00022,0.00490,0.30780,1.15831,1.01708,-0.01019
109231000000,14.94247,20.32261,-0.78662,0.94905,-0.00023,0.00493,0.31509,1.12262,1.06563,-0.01302
109264000000,14.98004,20.35954,-0.78842,0.94633,-0.00000,0.00475,0.32316,1.13843,1.11909,-0.05450
109297000000,15.01544,20.39616,-0.78854,0.94330,-0.00001,0.00478,0.33190,1.07268,1.10956,-0.00372
109330000000,15.04981,20.43454,-0.78908,0.93996,0.00009,0.00479,0.34126,1.04150,1.16302,-0.01624
109363000000,15.08321,20.47344,-0.78806,0.93616,0.00058,0.00498,0.35153,1.01222,1.17891,0.03091
109396000000,15.11494,20.51346,-0.78853,0.93208,0.00064,0.00492,0.36222,0.96142,1.21284,-0.01447
109429000000,15.14562,20.55359,-0.78900,0.92739,0.00075,0.00484,0.37405,0.92975,1.21602,-0.01417
109462000000,15.17508,20.59590,-0.78923,0.92249,0.00088,0.00493,0.38598,0.89278,1.28209,-0.00698
109528000000,15.22469,20.68396,-0.79215,0.91150,0.00071,0.00517,0.41127,0.75165,1.33428,-0.04426
109561000000,15.24774,20.72843,-0.79218,0.90513,0.00073,0.00513,0.42511,0.69855,1.34751,-0.00080
109660000000,15.30458,20.86822,-0.79271,0.88259,0.00076,0.00509,0.47011,0.57415,1.41196,-0.00534
109759000000,15.33859,21.01441,-0.79237,0.85551,0.00028,0.00477,0.51776,0.34353,1.47675,0.00338
109825000000,15.35034,21.11214,-0.79329,0.83540,0.00054,0.00470,0.54962,0.17803,1.48065,-0.01387
109891000000,15.35240,21.20989,-0.79376,0.81413,0.00055,0.00458,0.58066,0.03118,1.48106,-0.00718
109924000000,15.34638,21.26206,-0.79619,0.80392,-0.00044,0.00409,0.59473,-0.18247,1.58108,-0.07352
109957000000,15.34227,21.31039,-0.79625,0.79292,-0.00013,0.00415,0.60932,-0.12447,1.46450,-0.00197
109990000000,15.33464,21.35954,-0.79653,0.78199,-0.00010,0.00412,0.62328,-0.23142,1.48941,-0.00848
110023000000,15.32399,21.40576,-0.79510,0.77083,-0.00007,0.00445,0.63702,-0.32260,1.40069,0.04340
110056000000,15.31317,21.45565,-0.79538,0.75906,-0.00010,0.00438,0.65100,-0.32801,1.51183,-0.00834
110089000000,15.30081,21.50493,-0.79559,0.74691,0.00009,0.00443,0.66491,-0.37448,1.49317,-0.00653
110155000000,15.26998,21.59846,-0.79628,0.72279,0.00018,0.00431,0.69105,-0.46716,1.41722,-0.01041
110188000000,15.25172,21.64336,-0.79645,0.71048,0.00036,0.00427,0.70371,-0.55333,1.36058,-0.00530
110221000000,15.23139,21.68818,-0.79601,0.69800,-0.00019,0.00393,0.71608,-0.61599,1.35792,0.01335
110287000000,15.18942,21.77628,-0.79629,0.67429,-0.00003,0.00397,0.73846,-0.63596,1.33497,-0.00419
110320000000,15.16737,21.81961,-0.79667,0.66246,0.00011,0.00397,0.74909,-0.66809,1.31295,-0.01141
110353000000,15.14443,21.86045,-0.79691,0.65127,0.00015,0.00385,0.75883,-0.69511,1.23758,-0.00738
110386000000,15.12154,21.90020,-0.79709,0.64041,0.00017,0.00386,0.76802,-0.69375,1.20446,-0.00540
110452000000,15.07361,21.97388,-0.79720,0.62058,0.00075,0.00399,0.78413,-0.72614,1.11635,-0.00174
110485000000,15.05083,22.00927,-0.79747,0.61169,0.00076,0.00397,0.79109,-0.69049,1.07245,-0.00818
110551000000,15.00676,22.07604,-0.79766,0.59607,0.00083,0.00394,0.80292,-0.66762,1.01168,-0.00279
110584000000,14.98518,22.10777,-0.79771,0.58944,0.00080,0.00390,0.80780,-0.65413,0.96171,-0.00174
110617000000,14.96419,22.13844,-0.79791,0.58357,0.00087,0.00401,0.81205,-0.63604,0.92928,-0.00599
110650000000,14.94432,22.16760,-0.79793,0.57866,0.00087,0.00395,0.81556,-0.60209,0.88368,-0.00048
110683000000,14.92890,22.19471,-0.79808,0.57451,0.00107,0.00416,0.81849,-0.46721,0.82137,-0.00460
110815000000,14.86220,22.30068,-0.79778,0.56476,0.00115,0.00406,0.82524,-0.50531,0.80282,0.00223
110848000000,14.84716,22.32627,-0.79773,0.56369,0.00104,0.00407,0.82598,-0.45583,0.77542,0.00176
110914000000,14.81987,22.37650,-0.79802,0.56286,0.00112,0.00398,0.82654,-0.41337,0.76106,-0.00437
110947000000,14.80827,22.39977,-0.79787,0.56309,0.00106,0.00425,0.82638,-0.35176,0.70503,0.00428
111013000000,14.78774,22.44544,-0.79808,0.56494,0.00108,0.00418,0.82512,-0.31101,0.69208,-0.00311
111046000000,14.77870,22.46654,-0.79805,0.56655,0.00105,0.00421,0.82402,-0.27385,0.63919,0.00081
111079000000,14.77025,22.48769,-0.79831,0.56847,0.00107,0.00425,0.82270,-0.25610,0.64093,-0.00778
111112000000,14.76122,22.51049,-0.79949,0.57062,0.00105,0.00426,0.82121,-0.27379,0.69092,-0.03582
111145000000,14.75490,22.53024,-0.79969,0.57303,0.00109,0.00425,0.81952,-0.19149,0.59873,-0.00594
111211000000,14.74291,22.57223,-0.79956,0.57935,0.00097,0.00426,0.81507,-0.18160,0.63613,0.00186
111244000000,14.73760,22.59438,-0.79984,0.58329,0.00104,0.00421,0.81225,-0.16094,0.67110,-0.00833
111277000000,14.73335,22.61752,-0.80003,0.58754,0.00099,0.00423,0.80919,-0.12883,0.70144,-0.00589
111343000000,14.72640,22.66535,-0.79990,0.59750,0.00090,0.00434,0.80186,-0.10528,0.72459,0.00204
111376000000,14.72408,22.69077,-0.80006,0.60286,0.00083,0.00433,0.79784,-0.07034,0.77057,-0.00497
111409000000,14.72226,22.71456,-0.80050,0.60813,0.00094,0.00450,0.79382,-0.05511,0.72086,-0.01317
111442000000,14.72074,22.73718,-0.80080,0.61366,0.00091,0.00437,0.78956,-0.04609,0.68526,-0.00909
111475000000,14.72073,22.76020,-0.80110,0.61874,0.00093,0.00447,0.78558,-0.00020,0.69769,-0.00916
111508000000,14.72086,22.78235,-0.80107,0.62372,0.00088,0.00448,0.78163,0.00387,0.67133,0.00081
111574000000,14.72366,22.81937,-0.80115,0.63350,0.00071,0.00435,0.77373,0.04250,0.56082,-0.00123
111607000000,14.72537,22.84106,-0.80151,0.63783,0.00080,0.00436,0.77016,0.05164,0.65734,-0.01066
111640000000,14.72756,22.86265,-0.80163,0.64200,0.00069,0.00432,0.76669,0.06650,0.65422,-0.00378
111706000000,14.73139,22.90393,-0.80202,0.64990,0.00060,0.00435,0.76001,0.05796,0.62541,-0.00583
111739000000,14.73275,22.92447,-0.80264,0.65280,0.00068,0.00434,0.75751,0.04127,0.62249,-0.01889
111772000000,14.73273,22.94582,-0.80287,0.65499,0.00070,0.00430,0.75563,-0.00052,0.64705,-0.00713
111805000000,14.73347,22.96658,-0.80298,0.65720,0.00052,0.00405,0.75370,0.02222,0.62914,-0.00332
111871000000,14.73340,23.01159,-0.80301,0.66138,0.00050,0.00408,0.75004,-0.00097,0.68196,-0.00045
111937000000,14.73447,23.06013,-0.80331,0.66526,0.00046,0.00414,0.74660,0.01624,0.73543,-0.00452
112003000000,14.73439,23.11093,-0.80389,0.66953,0.00048,0.00404,0.74277,-0.00129,0.76962,-0.00868
112036000000,14.73486,23.13706,-0.80404,0.67128,0.00052,0.00399,0.74119,0.01419,0.79195,-0.00482
112069000000,14.73512,23.16319,-0.80446,0.67307,0.00055,0.00396,0.73956,0.00780,0.79184,-0.01254
112102000000,14.73486,23.18751,-0.80462,0.67478,0.00053,0.00396,0.73800,-0.00766,0.73693,-0.00495
112135000000,14.73804,23.21038,-0.80472,0.67581,0.00059,0.00402,0.73707,0.09635,0.69312,-0.00283
112201000000,14.73810,23.25425,-0.80456,0.67867,0.00058,0.00408,0.73443,0.00081,0.66471,0.00231
112234000000,14.73788,23.27483,-0.80454,0.67984,0.00043,0.00398,0.73335,-0.00665,0.62359,0.00057
112300000000,14.73723,23.31392,-0.80495,0.68225,0.00049,0.00389,0.73111,-0.00984,0.59232,-0.00613
112333000000,14.73741,23.33245,-0.80535,0.68317,0.00051,0.00384,0.73025,0.00566,0.56122,-0.01211
112399000000,14.74006,23.36652,-0.80660,0.68439,0.00064,0.00418,0.72911,0.04005,0.51628,-0.01894
112465000000,14.74056,23.39642,-0.80663,0.68578,0.00070,0.00419,0.72779,0.00764,0.45297,-0.00054
112498000000,14.74013,23.41054,-0.80686,0.68658,0.00073,0.00419,0.72704,-0.01312,0.42788,-0.00697
112531000000,14.74023,23.42331,-0.80678,0.68710,0.00069,0.00421,0.72655,0.00306,0.38713,0.00262
112630000000,14.74065,23.45611,-0.80700,0.68849,0.00075,0.00429,0.72524,0.00426,0.33132,-0.00223
112696000000,14.73816,23.47720,-0.80730,0.68895,0.00090,0.00428,0.72479,-0.03777,0.31951,-0.00455
112729000000,14.73844,23.48395,-0.80708,0.68920,0.00084,0.00428,0.72455,0.00844,0.20443,0.00668
112795000000,14.73751,23.49613,-0.80652,0.68981,0.00072,0.00433,0.72398,-0.01397,0.18455,0.00842
112894000000,14.73738,23.50811,-0.80581,0.69013,0.00042,0.00435,0.72368,-0.00141,0.12105,0.00717
112960000000,14.73596,23.51158,-0.80547,0.69060,0.00020,0.00437,0.72322,-0.02143,0.05254,0.00520
113026000000,14.73523,23.51151,-0.80545,0.69079,0.00018,0.00432,0.72305,-0.01113,-0.00095,0.00035
113059000000,14.73546,23.51122,-0.80534,0.69077,0.00016,0.00430,0.72306,0.00696,-0.00896,0.00335
113092000000,14.73578,23.51101,-0.80531,0.69073,0.00024,0.00437,0.72310,0.00991,-0.00636,0.00064
113125000000,14.73592,23.51104,-0.80537,0.69073,0.00032,0.00440,0.72310,0.00410,0.00092,-0.00172
113158000000,14.73599,23.51100,-0.80536,0.69069,0.00029,0.00438,0.72314,0.00225,-0.00110,0.00021
113191000000,14.73560,23.51143,-0.80541,0.69093,0.00049,0.00465,0.72290,-0.01191,0.01306,-0.00150
113257000000,14.73565,23.51128,-0.80541,0.69077,0.00031,0.00442,0.72306,0.00071,-0.00228,0.00002
113290000000,14.73567,23.51122,-0.80535,0.69071,0.00019,0.00435,0.72312,0.00066,-0.00185,0.00197
113356000000,14.73564,23.51114,-0.80529,0.69072,0.00013,0.00431,0.72311,-0.00040,-0.00124,0.00091
113389000000,14.73562,23.51114,-0.80530,0.69073,0.00012,0.00428,0.72310,-0.00069,0.00000,-0.00031
113422000000,14.73555,23.51113,-0.80530,0.69074,0.00017,0.00432,0.72309,-0.00208,-0.00035,-0.00018
113455000000,14.73557,23.51120,-0.80531,0.69074,0.00016,0.00434,0.72309,0.00043,0.00220,-0.00032
113488000000,14.73554,23.51124,-0.80534,0.69075,0.00018,0.00435,0.72308,-0.00075,0.00110,-0.00079
113521000000,14.73342,23.51602,-0.80682,0.69057,0.00035,0.00432,0.72325,-0.06424,0.14484,-0.04493
113587000000,14.73330,23.51581,-0.80682,0.69060,0.00040,0.00430,0.72322,-0.00182,-0.00309,-0.00004
113653000000,14.73327,23.51575,-0.80682,0.69060,0.00040,0.00428,0.72322,-0.00042,-0.00098,0.00007
113719000000,14.73332,23.51627,-0.80679,0.69076,0.00067,0.00475,0.72307,0.00078,0.00792,0.00045
113752000000,14.73339,23.51596,-0.80675,0.69057,0.00043,0.00441,0.72325,0.00185,-0.00931,0.00119
113785000000,14.73342,23.51581,-0.80679,0.69055,0.00040,0.00432,0.72327,0.00095,-0.00468,-0.00123
113818000000,14.73340,23.51575,-0.80682,0.69057,0.00041,0.00429,0.72325,-0.00055,-0.00191,-0.00078
113851000000,14.73340,23.51575,-0.80682,0.69055,0.00041,0.00430,0.72327,0.00009,0.00006,0.00001
113884000000,14.73341,23.51575,-0.80682,0.69054,0.00038,0.00427,0.72328,0.00038,0.00017,-0.00020
113917000000,14.73347,23.51575,-0.80681,0.69051,0.00039,0.00429,0.72331,0.00182,-0.00029,0.00040
113950000000,14.73350,23.51580,-0.80681,0.69052,0.00040,0.00429,0.72330,0.00069,0.00179,-0.00011
113983000000,14.73353,23.51580,-0.80681,0.69051,0.00036,0.00429,0.72331,0.00104,0.00000,0.00022
114016000000,14.73372,23.51614,-0.80683,0.69048,0.00038,0.00430,0.72334,0.00561,0.01017,-0.00064
114049000000,14.73201,23.51881,-0.80778,0.69076,0.00039,0.00429,0.72307,-0.05176,0.08086,-0.02879
114082000000,14.73191,23.52110,-0.80801,0.69078,0.00048,0.00423,0.72306,-0.00292,0.06959,-0.00697
114148000000,14.73194,23.52556,-0.80790,0.69077,0.00053,0.00417,0.72307,0.00042,0.06757,0.00159
114214000000,14.73206,23.52784,-0.80654,0.69070,0.00016,0.00443,0.72313,0.00186,0.03442,0.02064
114280000000,14.73243,23.52780,-0.80684,0.69067,0.00026,0.00439,0.72316,0.00561,-0.00058,-0.00460
114346000000,14.73105,23.52698,-0.80782,0.69120,0.00105,0.00451,0.72265,-0.02097,-0.01243,-0.01478
114412000000,14.73330,23.52732,-0.80652,0.69044,0.00028,0.00467,0.72337,0.03404,0.00520,0.01978
114445000000,14.73333,23.52735,-0.80676,0.69044,0.00031,0.00461,0.72338,0.00101,0.00081,-0.00739
114478000000,14.73303,23.52717,-0.80715,0.69055,0.00055,0.00460,0.72327,-0.00893,-0.00549,-0.01175
114511000000,14.73122,23.52620,-0.80822,0.69120,0.00139,0.00464,0.72265,-0.05491,-0.02930,-0.03265
114544000000,14.73183,23.52638,-0.80807,0.69079,0.00089,0.00429,0.72304,0.01838,0.00549,0.00469
114577000000,14.73274,23.52763,-0.80792,0.69057,0.00071,0.00423,0.72325,0.02757,0.03780,0.00454
114643000000,14.73310,23.53325,-0.80790,0.69046,0.00060,0.00427,0.72335,0.00552,0.08522,0.00033
114676000000,14.73167,23.53943,-0.80800,0.69057,0.00031,0.00436,0.72326,-0.04332,0.18709,-0.00299
114709000000,14.73202,23.54334,-0.80847,0.69050,0.00056,0.00436,0.72332,0.01040,0.11872,-0.01447
114775000000,14.73107,23.55480,-0.80889,0.69061,0.00058,0.00422,0.72321,-0.01432,0.17357,-0.00626
114808000000,14.73123,23.56149,-0.80778,0.69065,0.00019,0.00449,0.72317,0.00477,0.20258,0.03350
114841000000,14.73158,23.56887,-0.80799,0.69051,0.00028,0.00443,0.72330,0.01055,0.22385,-0.00638
114907000000,14.73127,23.58646,-0.80821,0.69054,0.00047,0.00450,0.72328,-0.00458,0.26645,-0.00327
114973000000,14.72931,23.60739,-0.80715,0.69081,0.00015,0.00503,0.72302,-0.02982,0.31720,0.01595
115039000000,14.72809,23.63130,-0.80777,0.69099,0.00021,0.00473,0.72285,-0.01845,0.36217,-0.00935
115105000000,14.72670,23.65840,-0.80847,0.69118,0.00035,0.00448,0.72266,-0.02107,0.41072,-0.01052
115138000000,14.72622,23.67339,-0.80857,0.69119,0.00036,0.00449,0.72266,-0.01462,0.45412,-0.00321
115171000000,14.72623,23.68953,-0.80805,0.69101,0.00040,0.00460,0.72283,0.00043,0.48921,0.01583
115204000000,14.72513,23.70592,-0.80852,0.69118,0.00053,0.00442,0.72267,-0.03326,0.49660,-0.01431
115270000000,14.72412,23.74226,-0.80933,0.69128,0.00069,0.00443,0.72257,-0.01535,0.55065,-0.01220
115303000000,14.72323,23.76142,-0.80940,0.69129,0.00068,0.00438,0.72256,-0.02691,0.58059,-0.00209
115369000000,14.72042,23.80329,-0.80954,0.69155,0.00061,0.00423,0.72232,-0.04267,0.63437,-0.00217
115402000000,14.71941,23.82421,-0.80988,0.69173,0.00064,0.00409,0.72215,-0.03049,0.63405,-0.01048
115435000000,14.71856,23.84598,-0.81012,0.69175,0.00075,0.00415,0.72213,-0.02569,0.65960,-0.00716
115468000000,14.71765,23.87122,-0.81020,0.69185,0.00063,0.00429,0.72203,-0.02769,0.76479,-0.00231
115501000000,14.71685,23.89516,-0.81073,0.69200,0.00074,0.00437,0.72189,-0.02430,0.72554,-0.01615
115534000000,14.71689,23.91976,-0.81098,0.69201,0.00077,0.00439,0.72187,0.00124,0.74537,-0.00745
115567000000,14.71631,23.94472,-0.81107,0.69231,0.00072,0.00434,0.72159,-0.01748,0.75641,-0.00270
115600000000,14.71626,23.97044,-0.81131,0.69266,0.00078,0.00447,0.72125,-0.00165,0.77941,-0.00754
115666000000,14.71732,24.02269,-0.81202,0.69351,0.00097,0.00448,0.72044,0.01611,0.79167,-0.01073
115732000000,14.71556,24.08151,-0.81202,0.69432,0.00085,0.00452,0.71965,-0.02662,0.89125,-0.00002
115798000000,14.71471,24.14608,-0.81277,0.69470,0.00080,0.00438,0.71929,-0.01292,0.97821,-0.01129
115831000000,14.71406,24.17780,-0.81307,0.69497,0.00085,0.00435,0.71903,-0.01956,0.96130,-0.00924
115864000000,14.71324,24.21090,-0.81326,0.69544,0.00085,0.00430,0.71857,-0.02485,1.00315,-0.00564
115897000000,14.71288,24.24434,-0.81279,0.69569,0.00088,0.00453,0.71833,-0.01107,1.01332,0.01408
115930000000,14.71215,24.27907,-0.81308,0.69598,0.00093,0.00454,0.71805,-0.02202,1.05245,-0.00873
115963000000,14.71143,24.31403,-0.81315,0.69628,0.00085,0.00450,0.71776,-0.02191,1.05927,-0.00194
116029000000,14.70724,24.38823,-0.81266,0.69724,0.00055,0.00432,0.71683,-0.06342,1.12421,0.00742
116062000000,14.70713,24.42616,-0.81312,0.69737,0.00057,0.00424,0.71670,-0.00350,1.14955,-0.01388
116128000000,14.70639,24.50429,-0.81347,0.69801,0.00061,0.00429,0.71608,-0.01116,1.18368,-0.00542
116161000000,14.70607,24.54477,-0.81377,0.69833,0.00058,0.00426,0.71576,-0.00965,1.22689,-0.00906
116260000000,14.70684,24.66510,-0.81431,0.69982,0.00069,0.00454,0.71430,0.00771,1.21546,-0.00548
116326000000,14.70759,24.74912,-0.81513,0.70153,0.00080,0.00459,0.71263,0.01136,1.27295,-0.01241
116359000000,14.70873,24.79245,-0.81533,0.70246,0.00077,0.00459,0.71170,0.03482,1.31307,-0.00582
116425000000,14.71114,24.88381,-0.81579,0.70450,0.00091,0.00456,0.70969,0.03644,1.38427,-0.00697
116458000000,14.71274,24.93063,-0.81535,0.70571,0.00074,0.00477,0.70849,0.04861,1.41878,0.01324
116491000000,14.71423,24.97853,-0.81569,0.70663,0.00087,0.00468,0.70756,0.04497,1.45132,-0.01033
116557000000,14.71714,25.07706,-0.81612,0.70855,0.00089,0.00481,0.70564,0.04413,1.49302,-0.00649
116590000000,14.71835,25.12676,-0.81649,0.70961,0.00094,0.00482,0.70458,0.03670,1.50594,-0.01134
116623000000,14.72035,25.17664,-0.81669,0.71034,0.00089,0.00488,0.70384,0.06066,1.51160,-0.00605
116656000000,14.72173,25.22670,-0.81695,0.71133,0.00087,0.00477,0.70284,0.04164,1.51680,-0.00773
116689000000,14.72647,25.27314,-0.81776,0.71181,0.00064,0.00487,0.70235,0.14369,1.40733,-0.02448
116722000000,14.72901,25.32239,-0.81774,0.71242,0.00056,0.00494,0.70174,0.07713,1.49253,0.00059
116755000000,14.73082,25.37125,-0.81812,0.71335,0.00060,0.00484,0.70079,0.05459,1.48062,-0.01153
116788000000,14.73266,25.42000,-0.81836,0.71429,0.00052,0.00483,0.69984,0.05583,1.47715,-0.00734
116821000000,14.73641,25.46353,-0.81794,0.71554,0.00069,0.00461,0.69856,0.11383,1.31902,0.01272
116887000000,14.74063,25.55818,-0.81846,0.71766,0.00053,0.00452,0.69638,0.06382,1.43412,-0.00796
116953000000,14.74652,25.65174,-0.81850,0.72001,0.00032,0.00444,0.69395,0.08930,1.41759,-0.00058
116986000000,14.74888,25.69808,-0.81912,0.72170,0.00028,0.00430,0.69219,0.07161,1.40410,-0.01873
117019000000,14.75342,25.74384,-0.81932,0.72318,0.00019,0.00429,0.69065,0.13759,1.38676,-0.00605
117052000000,14.76072,25.79475,-0.81943,0.72435,0.00025,0.00474,0.68942,0.22114,1.54287,-0.00326
117118000000,14.77188,25.88803,-0.82065,0.72847,0.00034,0.00454,0.68506,0.16909,1.41323,-0.01857
117151000000,14.77884,25.93549,-0.82109,0.73053,0.00043,0.00459,0.68286,0.21070,1.43837,-0.01338
117184000000,14.78474,25.98368,-0.82150,0.73311,0.00037,0.00454,0.68010,0.17889,1.46034,-0.01216
117217000000,14.79170,26.03236,-0.82185,0.73534,0.00040,0.00460,0.67768,0.21105,1.47507,-0.01081
117283000000,14.80617,26.13165,-0.82275,0.73950,0.00030,0.00431,0.67315,0.21920,1.50441,-0.01356
117316000000,14.81492,26.18167,-0.82303,0.74135,0.00032,0.00426,0.67110,0.26518,1.51582,-0.00850
117349000000,14.82327,26.23164,-0.82339,0.74320,0.00028,0.00418,0.66906,0.25293,1.51420,-0.01093
117382000000,14.83169,26.28147,-0.82389,0.74520,0.00036,0.00428,0.66683,0.25521,1.50993,-0.01524
117415000000,14.84032,26.33143,-0.82341,0.74737,0.00006,0.00437,0.66439,0.26157,1.51403,0.01455
117448000000,14.84947,26.38123,-0.82393,0.74909,0.00003,0.00431,0.66245,0.27714,1.50894,-0.01559
117514000000,14.86748,26.48076,-0.82511,0.75246,0.00011,0.00426,0.65862,0.27295,1.50799,-0.01786
117580000000,14.88653,26.57994,-0.82596,0.75540,0.00011,0.00421,0.65526,0.28859,1.50285,-0.01288
117613000000,14.89656,26.62956,-0.82631,0.75681,0.00019,0.00425,0.65363,0.30390,1.50351,-0.01072
117646000000,14.90685,26.67546,-0.82466,0.75784,0.00003,0.00450,0.65243,0.31200,1.39080,0.05011
117679000000,14.91614,26.72380,-0.82446,0.75933,-0.00003,0.00457,0.65069,0.28131,1.46484,0.00586
117745000000,14.93705,26.82310,-0.82564,0.76161,0.00009,0.00456,0.64802,0.31681,1.50452,-0.01782
117778000000,14.94642,26.87296,-0.82612,0.76313,0.00002,0.00457,0.64623,0.28405,1.51102,-0.01451
117844000000,14.96608,26.97342,-0.82789,0.76517,0.00002,0.00440,0.64382,0.29788,1.52206,-0.02684
117910000000,14.98647,27.07136,-0.82845,0.76744,-0.00008,0.00431,0.64111,0.30899,1.48403,-0.00856
117943000000,14.99739,27.12044,-0.82866,0.76844,-0.00008,0.00437,0.63990,0.33066,1.48733,-0.00627
118009000000,15.01919,27.21876,-0.82921,0.77037,-0.00016,0.00437,0.63758,0.33043,1.48967,-0.00825
118042000000,15.02635,27.26521,-0.82927,0.77184,-0.00020,0.00445,0.63580,0.21686,1.40757,-0.00195
118108000000,15.04869,27.36244,-0.83001,0.77361,-0.00022,0.00442,0.63365,0.33844,1.47322,-0.01123
118141000000,15.05961,27.41158,-0.83021,0.77429,-0.00025,0.00442,0.63282,0.33087,1.48912,-0.00614
118174000000,15.07447,27.46239,-0.83099,0.77439,0.00021,0.00463,0.63269,0.45042,1.53940,-0.02353
118240000000,15.09684,27.56201,-0.83171,0.77507,0.00015,0.00451,0.63186,0.33893,1.50949,-0.01089
118273000000,15.10715,27.61200,-0.83200,0.77525,0.00015,0.00456,0.63164,0.31249,1.51484,-0.00877
118306000000,15.11755,27.66264,-0.83230,0.77528,0.00009,0.00455,0.63160,0.31520,1.53438,-0.00914
118339000000,15.12798,27.71364,-0.83244,0.77512,0.00008,0.00460,0.63180,0.31584,1.54565,-0.00434
118372000000,15.14097,27.76335,-0.83171,0.77446,-0.00013,0.00457,0.63261,0.39367,1.50629,0.02225
118405000000,15.14996,27.81294,-0.83186,0.77430,-0.00016,0.00451,0.63280,0.27258,1.50270,-0.00463
118438000000,15.15929,27.86274,-0.83264,0.77405,-0.00011,0.00446,0.63311,0.28281,1.50900,-0.02352
118504000000,15.17700,27.95992,-0.83326,0.77359,-0.00009,0.00444,0.63367,0.26830,1.47244,-0.00940
118537000000,15.18751,28.00907,-0.83403,0.77323,-0.00001,0.00441,0.63411,0.31838,1.48947,-0.02351
118570000000,15.19724,28.05765,-0.83407,0.77294,-0.00012,0.00452,0.63446,0.29480,1.47213,-0.00107
118603000000,15.20625,28.10613,-0.83454,0.77286,-0.00006,0.00447,0.63456,0.27327,1.46906,-0.01417
118636000000,15.21564,28.15460,-0.83516,0.77263,0.00000,0.00442,0.63484,0.28443,1.46889,-0.01894
118669000000,15.22354,28.20823,-0.83660,0.77278,-0.00016,0.00448,0.63466,0.23943,1.62506,-0.04363
118702000000,15.23252,28.25692,-0.83699,0.77280,-0.00003,0.00448,0.63464,0.27203,1.47536,-0.01191
118768000000,15.25083,28.35393,-0.83817,0.77237,-0.00005,0.00424,0.63516,0.27737,1.46993,-0.01782
118801000000,15.25931,28.39866,-0.83749,0.77216,-0.00001,0.00448,0.63541,0.25715,1.35543,0.02079
118834000000,15.26850,28.44716,-0.83773,0.77199,-0.00001,0.00447,0.63562,0.27856,1.46970,-0.00747
118867000000,15.27728,28.49559,-0.83788,0.77195,-0.00000,0.00449,0.63567,0.26587,1.46750,-0.00446
118933000000,15.29241,28.59800,-0.83952,0.77216,-0.00014,0.00443,0.63541,0.22934,1.55174,-0.02482
118999000000,15.31095,28.69591,-0.84055,0.77192,-0.00015,0.00443,0.63571,0.28078,1.48345,-0.01566
119065000000,15.33038,28.79454,-0.84228,0.77157,0.00015,0.00443,0.63613,0.29448,1.49441,-0.02623
119098000000,15.33984,28.84297,-0.84259,0.77106,0.00019,0.00446,0.63675,0.28645,1.46756,-0.00935
119131000000,15.34881,28.89265,-0.84281,0.77066,0.00019,0.00454,0.63723,0.27185,1.50530,-0.00675
119164000000,15.35744,28.94247,-0.84290,0.77001,0.00017,0.00450,0.63802,0.26171,1.50975,-0.00261
119197000000,15.36755,28.99355,-0.84467,0.76877,0.00031,0.00434,0.63951,0.30619,1.54802,-0.05354
119230000000,15.37531,29.04335,-0.84479,0.76816,0.00037,0.00431,0.64025,0.23524,1.50894,-0.00384
119263000000,15.38334,29.09257,-0.84480,0.76730,0.00032,0.00436,0.64127,0.24348,1.49149,-0.00024
119296000000,15.39133,29.14208,-0.84498,0.76662,0.00026,0.00433,0.64209,0.24203,1.50039,-0.00531
119329000000,15.40239,29.18932,-0.84448,0.76527,0.00039,0.00467,0.64369,0.33517,1.43149,0.01501
119362000000,15.40984,29.23804,-0.84460,0.76467,0.00038,0.00467,0.64441,0.22559,1.47652,-0.00372
119395000000,15.41707,29.28683,-0.84512,0.76420,0.00039,0.00457,0.64496,0.21914,1.47831,-0.01564
119428000000,15.42454,29.33525,-0.84551,0.76351,0.00038,0.00457,0.64578,0.22643,1.46744,-0.01194
119461000000,15.43127,29.38350,-0.84498,0.76288,0.00011,0.00461,0.64652,0.20388,1.46184,0.01623
119560000000,15.45113,29.53217,-0.84600,0.76079,0.00005,0.00457,0.64898,0.20062,1.50172,-0.01030
119626000000,15.46350,29.63447,-0.84690,0.75898,-0.00004,0.00439,0.65110,0.18738,1.55010,-0.01366
119659000000,15.46966,29.68627,-0.84724,0.75785,0.00001,0.00444,0.65241,0.18666,1.56952,-0.01027
119692000000,15.47309,29.74176,-0.84860,0.75720,0.00030,0.00437,0.65317,0.10401,1.68153,-0.04134
119725000000,15.47952,29.79417,-0.84900,0.75545,0.00035,0.00434,0.65519,0.19478,1.58830,-0.01206
119758000000,15.48384,29.84669,-0.84969,0.75394,0.00047,0.00426,0.65693,0.13094,1.59154,-0.02102
119824000000,15.48948,29.94886,-0.84859,0.75095,0.00020,0.00445,0.66035,0.08543,1.54807,0.01680
119857000000,15.49217,29.99868,-0.84894,0.74922,0.00020,0.00440,0.66231,0.08176,1.50952,-0.01086
119890000000,15.49515,30.04802,-0.84910,0.74761,0.00025,0.00440,0.66413,0.09031,1.49513,-0.00479
119923000000,15.49660,30.09746,-0.85106,0.74616,0.00001,0.00418,0.66575,0.04390,1.49814,-0.05924
119989000000,15.50169,30.19605,-0.85219,0.74316,0.00020,0.00419,0.66910,0.07710,1.49392,-0.01725
120022000000,15.50443,30.24527,-0.85243,0.74132,0.00026,0.00427,0.67114,0.08306,1.49149,-0.00720
120088000000,15.50804,30.34682,-0.85300,0.73773,0.00022,0.00419,0.67508,0.05469,1.53859,-0.00859
120121000000,15.50938,30.40052,-0.85269,0.73617,0.00038,0.00439,0.67678,0.04055,1.62720,0.00940
120187000000,15.51074,30.50433,-0.85356,0.73189,0.00038,0.00439,0.68140,0.02061,1.57287,-0.01313
120253000000,15.50962,30.60785,-0.85455,0.72719,0.00054,0.00432,0.68642,-0.01691,1.56848,-0.01503
120286000000,15.50833,30.65800,-0.85471,0.72473,0.00050,0.00436,0.68902,-0.03922,1.51993,-0.00507
120352000000,15.50598,30.75606,-0.85448,0.71946,0.00041,0.00445,0.69452,-0.03560,1.48565,0.00358
120385000000,15.50380,30.80435,-0.85493,0.71730,0.00042,0.00438,0.69675,-0.06595,1.46340,-0.01380
120418000000,15.50149,30.85266,-0.85528,0.71528,0.00057,0.00442,0.69883,-0.07014,1.46380,-0.01048
120451000000,15.50135,30.90496,-0.85583,0.71283,0.00025,0.00433,0.70132,-0.00413,1.58506,-0.01678
120484000000,15.49902,30.95380,-0.85611,0.71056,0.00028,0.00427,0.70362,-0.07069,1.47993,-0.00852
120517000000,15.49595,31.00423,-0.85652,0.70827,0.00041,0.00422,0.70593,-0.09308,1.52831,-0.01240
120550000000,15.49220,31.05436,-0.85673,0.70600,0.00038,0.00428,0.70820,-0.11369,1.51883,-0.00640
120583000000,15.48799,31.10494,-0.85702,0.70351,0.00040,0.00427,0.71067,-0.12753,1.53287,-0.00852
120682000000,15.47351,31.25943,-0.85748,0.69477,0.00070,0.00409,0.71922,-0.14630,1.56050,-0.00465
120715000000,15.46699,31.31102,-0.85751,0.69156,0.00079,0.00415,0.72231,-0.19756,1.56322,-0.00099
120781000000,15.45006,31.41573,-0.85787,0.68432,0.00078,0.00411,0.72917,-0.25652,1.58660,-0.00550
120814000000,15.44211,31.47016,-0.85846,0.67949,0.00099,0.00431,0.73367,-0.24073,1.64928,-0.01771
120847000000,15.43069,31.52249,-0.85874,0.67500,0.00110,0.00438,0.73781,-0.34615,1.58576,-0.00865
120880000000,15.41992,31.57554,-0.85872,0.66941,0.00114,0.00448,0.74288,-0.32633,1.60772,0.00056
120913000000,15.40594,31.62856,-0.85894,0.66406,0.00117,0.00445,0.74766,-0.42360,1.60668,-0.00645
120979000000,15.37789,31.72969,-0.85955,0.65193,0.00112,0.00441,0.75827,-0.42495,1.53221,-0.00938
121012000000,15.36136,31.78016,-0.86002,0.64598,0.00124,0.00423,0.76334,-0.50097,1.52940,-0.01426
121045000000,15.34486,31.82850,-0.85986,0.64015,0.00120,0.00433,0.76823,-0.50019,1.46490,0.00512
121111000000,15.30854,31.92600,-0.85995,0.62760,0.00118,0.00433,0.77852,-0.55021,1.47721,-0.00139
121144000000,15.28524,31.97543,-0.86034,0.62125,0.00094,0.00431,0.78360,-0.70607,1.49790,-0.01201
121177000000,15.26488,32.02330,-0.86051,0.61382,0.00103,0.00429,0.78944,-0.61703,1.45068,-0.00515
121243000000,15.21960,32.11908,-0.86084,0.59757,0.00123,0.00428,0.80181,-0.68605,1.45126,-0.00488
121276000000,15.19452,32.16662,-0.86064,0.58849,0.00123,0.00441,0.80849,-0.75996,1.44045,0.00602
121342000000,15.14123,32.25961,-0.85950,0.56876,0.00135,0.00458,0.82249,-0.80747,1.40895,0.01724
121375000000,15.11131,32.30532,-0.85997,0.55762,0.00156,0.00451,0.83008,-0.90668,1.38531,-0.01423
121408000000,15.07999,32.34863,-0.85979,0.54634,0.00156,0.00465,0.83755,-0.94891,1.31214,0.00545
121474000000,15.01248,32.43192,-0.85996,0.52412,0.00178,0.00451,0.85163,-1.02293,1.26209,-0.00259
121507000000,14.97756,32.47083,-0.85960,0.51353,0.00145,0.00435,0.85806,-1.05826,1.17886,0.01105
121540000000,14.94122,32.50873,-0.85964,0.50300,0.00144,0.00426,0.86427,-1.10103,1.14869,-0.00127
121573000000,14.90508,32.54597,-0.85977,0.49253,0.00157,0.00435,0.87028,-1.09537,1.12834,-0.00413
121639000000,14.83302,32.61747,-0.85855,0.47275,0.00187,0.00430,0.88119,-1.09183,1.08332,0.01861
121672000000,14.79539,32.65203,-0.85828,0.46411,0.00196,0.00432,0.88576,-1.14025,1.04742,0.00816
121738000000,14.72016,32.72024,-0.85809,0.44795,0.00212,0.00431,0.89405,-1.13980,1.03349,0.00286
121771000000,14.68122,32.75299,-0.85810,0.44106,0.00221,0.00429,0.89746,-1.17998,0.99251,-0.00048
121804000000,14.64138,32.78752,-0.85766,0.43483,0.00201,0.00426,0.90050,-1.20735,1.04615,0.01329
121837000000,14.60217,32.82013,-0.85791,0.42832,0.00217,0.00427,0.90361,-1.18799,0.98824,-0.00739
121903000000,14.52369,32.88464,-0.85761,0.41416,0.00222,0.00427,0.91019,-1.18910,0.97749,0.00454
121969000000,14.44202,32.94630,-0.85747,0.39871,0.00239,0.00418,0.91706,-1.23745,0.93425,0.00216
122002000000,14.39872,32.97020,-0.85667,0.39142,0.00248,0.00383,0.92020,-1.31234,0.72410,0.02420
122035000000,14.35623,32.99834,-0.85617,0.38240,0.00247,0.00371,0.92399,-1.28737,0.85276,0.01512
122068000000,14.31313,33.02576,-0.85627,0.37296,0.00251,0.00365,0.92784,-1.30619,0.83079,-0.00317
122101000000,14.26930,33.05205,-0.85612,0.36295,0.00261,0.00361,0.93180,-1.32806,0.79681,0.00463
122134000000,14.22329,33.07940,-0.85740,0.35384,0.00320,0.00357,0.93529,-1.39427,0.82871,-0.03863
122167000000,14.17848,33.10457,-0.85698,0.34476,0.00323,0.00354,0.93868,-1.35780,0.76271,0.01265
122200000000,14.13302,33.12896,-0.85652,0.33627,0.00315,0.00368,0.94175,-1.37774,0.73924,0.01381
122233000000,14.08729,33.15233,-0.85644,0.32794,0.00326,0.00369,0.94469,-1.38557,0.70815,0.00247
122266000000,14.04103,33.17466,-0.85618,0.31888,0.00329,0.00362,0.94778,-1.40190,0.67647,0.00803
122332000000,13.94719,33.21597,-0.85591,0.29927,0.00346,0.00355,0.95416,-1.42180,0.62596,0.00400
122365000000,13.90020,33.23798,-0.85493,0.28835,0.00356,0.00367,0.95751,-1.42407,0.66711,0.02981
122398000000,13.85233,33.25532,-0.85490,0.27774,0.00364,0.00366,0.96064,-1.45045,0.52539,0.00093
122431000000,13.80408,33.27137,-0.85445,0.26657,0.00363,0.00357,0.96380,-1.46216,0.48620,0.01359
122497000000,13.70676,33.29890,-0.85374,0.24285,0.00372,0.00348,0.97005,-1.47454,0.41725,0.01076
122563000000,13.60814,33.32124,-0.85317,0.21723,0.00381,0.00320,0.97611,-1.49421,0.33847,0.00859
122629000000,13.51535,33.33650,-0.85151,0.19066,0.00418,0.00335,0.98164,-1.40600,0.23119,0.02511
122695000000,13.41500,33.34555,-0.85055,0.16400,0.00418,0.00335,0.98645,-1.52047,0.13710,0.01467
122728000000,13.36335,33.34787,-0.85011,0.15084,0.00421,0.00324,0.98854,-1.56507,0.07017,0.01330
122761000000,13.30782,33.34677,-0.84983,0.13855,0.00363,0.00303,0.99034,-1.68263,-0.03329,0.00838
122794000000,13.25514,33.34644,-0.84961,0.12577,0.00370,0.00298,0.99205,-1.59657,-0.00983,0.00654
122827000000,13.20342,33.34519,-0.84936,0.11364,0.00380,0.00289,0.99351,-1.56726,-0.03803,0.00771
122893000000,13.10139,33.33957,-0.84885,0.08969,0.00393,0.00278,0.99596,-1.54579,-0.08514,0.00767
122926000000,13.04979,33.33431,-0.84925,0.07906,0.00391,0.00247,0.99686,-1.56377,-0.15929,-0.01186
122992000000,12.95195,33.32291,-0.84788,0.05679,0.00385,0.00223,0.99838,-1.48250,-0.17282,0.02064
123025000000,12.90414,33.31634,-0.84743,0.04615,0.00388,0.00216,0.99892,-1.44878,-0.19894,0.01382
123091000000,12.80970,33.30148,-0.84677,0.02608,0.00397,0.00217,0.99965,-1.43084,-0.22518,0.00991
123157000000,12.71931,33.28460,-0.84465,0.00750,0.00409,0.00225,0.99996,-1.36952,-0.25582,0.03213
123190000000,12.67304,33.27563,-0.84425,-0.00130,0.00414,0.00234,0.99999,-1.40205,-0.27177,0.01217
123223000000,12.62684,33.26608,-0.84399,-0.00955,0.00425,0.00223,0.99994,-1.40017,-0.28945,0.00797
123289000000,12.53392,33.24517,-0.84303,-0.02489,0.00428,0.00213,0.99968,-1.40785,-0.31674,0.01456
123322000000,12.48721,33.23489,-0.84235,-0.03179,0.00415,0.00245,0.99948,-1.41540,-0.31165,0.02055
123388000000,12.39556,33.21226,-0.84183,-0.04479,0.00427,0.00236,0.99898,-1.38874,-0.34286,0.00780
123421000000,12.34977,33.20102,-0.84153,-0.05049,0.00430,0.00236,0.99871,-1.38731,-0.34066,0.00905
123487000000,12.25958,33.17837,-0.84080,-0.06020,0.00435,0.00234,0.99817,-1.36654,-0.34315,0.01110
123553000000,12.17007,33.15531,-0.84079,-0.06753,0.00460,0.00222,0.99770,-1.35631,-0.34939,0.00025
123619000000,12.08139,33.13504,-0.83939,-0.07222,0.00447,0.00231,0.99738,-1.34355,-0.30708,0.02115
123685000000,11.99386,33.11636,-0.83837,-0.07448,0.00441,0.00231,0.99721,-1.32629,-0.28304,0.01544
123718000000,11.95030,33.10769,-0.83797,-0.07466,0.00447,0.00224,0.99720,-1.31986,-0.26287,0.01205
123751000000,11.91014,33.09988,-0.83706,-0.07426,0.00474,0.00246,0.99722,-1.21706,-0.23663,0.02758
123817000000,11.82417,33.08651,-0.83659,-0.07122,0.00484,0.00255,0.99745,-1.30252,-0.20247,0.00711
123850000000,11.78141,33.08147,-0.83627,-0.06892,0.00481,0.00260,0.99761,-1.29596,-0.15282,0.00986
123916000000,11.69950,33.07313,-0.83417,-0.06183,0.00468,0.00247,0.99807,-1.24100,-0.12641,0.03175
123949000000,11.65665,33.07042,-0.83389,-0.05784,0.00465,0.00253,0.99831,-1.29833,-0.08196,0.00853
124015000000,11.56922,33.06770,-0.83300,-0.04925,0.00468,0.00257,0.99877,-1.32483,-0.04121,0.01354
124048000000,11.52399,33.06692,-0.83321,-0.04475,0.00450,0.00242,0.99899,-1.37037,-0.02370,-0.00651
124081000000,11.47780,33.06744,-0.83307,-0.04023,0.00458,0.00249,0.99918,-1.39979,0.01561,0.00439
124114000000,11.43193,33.06864,-0.83248,-0.03562,0.00448,0.00249,0.99935,-1.38991,0.03641,0.01783
124147000000,11.38473,33.07046,-0.83190,-0.03080,0.00441,0.00258,0.99951,-1.43031,0.05526,0.01770
124180000000,11.33672,33.07284,-0.83131,-0.02613,0.00439,0.00260,0.99965,-1.45508,0.07213,0.01776
124213000000,11.28808,33.07544,-0.83204,-0.02123,0.00437,0.00261,0.99976,-1.47380,0.07872,-0.02212
124246000000,11.23889,33.07908,-0.83137,-0.01654,0.00425,0.00269,0.99985,-1.49068,0.11028,0.02032
124345000000,11.08967,33.08554,-0.83023,-0.00788,0.00429,0.00278,0.99996,-1.50721,0.06531,0.01154
124411000000,10.98946,33.08982,-0.82953,-0.00291,0.00431,0.00276,0.99998,-1.51832,0.06473,0.01061
124477000000,10.88670,33.09338,-0.82854,0.00190,0.00424,0.00263,0.99999,-1.55708,0.05393,0.01490
124543000000,10.78654,33.09937,-0.82764,0.00606,0.00421,0.00266,0.99997,-1.51750,0.09080,0.01375
124609000000,10.68582,33.10490,-0.82704,0.01023,0.00431,0.00275,0.99993,-1.52605,0.08381,0.00902
124642000000,10.63584,33.10804,-0.82667,0.01219,0.00432,0.00268,0.99991,-1.51467,0.09514,0.01111
124675000000,10.58427,33.11256,-0.82820,0.01395,0.00433,0.00281,0.99989,-1.56270,0.13687,-0.04618
124741000000,10.48436,33.11887,-0.82704,0.01766,0.00421,0.00281,0.99983,-1.51376,0.09571,0.01760
124774000000,10.43478,33.12256,-0.82643,0.01931,0.00419,0.00280,0.99980,-1.50247,0.11167,0.01825
124840000000,10.33566,33.13017,-0.82520,0.02261,0.00412,0.00286,0.99973,-1.50178,0.11531,0.01865
124906000000,10.23475,33.13813,-0.82472,0.02581,0.00402,0.00291,0.99965,-1.52907,0.12068,0.00726
124972000000,10.13583,33.14707,-0.82367,0.02845,0.00394,0.00302,0.99958,-1.49874,0.13536,0.01591
125005000000,10.08518,33.15129,-0.82373,0.02995,0.00399,0.00303,0.99954,-1.53469,0.12808,-0.00163
125038000000,10.03519,33.15622,-0.82324,0.03116,0.00410,0.00301,0.99950,-1.51490,0.14924,0.01471
125071000000,9.98574,33.16099,-0.82260,0.03230,0.00395,0.00310,0.99947,-1.49851,0.14450,0.01943
125137000000,9.88634,33.17027,-0.82192,0.03471,0.00397,0.00311,0.99938,-1.50610,0.14068,0.01036
125170000000,9.83634,33.17486,-0.82155,0.03594,0.00396,0.00307,0.99934,-1.51501,0.13906,0.01115
125203000000,9.78604,33.17597,-0.82108,0.03718,0.00403,0.00288,0.99930,-1.52420,0.03364,0.01409
125302000000,9.63734,33.19119,-0.81995,0.04035,0.00399,0.00289,0.99917,-1.50203,0.15371,0.01145
125368000000,9.53886,33.20237,-0.81891,0.04189,0.00394,0.00293,0.99911,-1.49224,0.16947,0.01580
125434000000,9.43994,33.21276,-0.81831,0.04367,0.00391,0.00303,0.99903,-1.49870,0.15744,0.00913
125467000000,9.39516,33.21655,-0.81607,0.04465,0.00385,0.00330,0.99899,-1.35702,0.11467,0.06790
125533000000,9.29563,33.22736,-0.81578,0.04634,0.00404,0.00327,0.99891,-1.50799,0.16374,0.00438
125566000000,9.24633,33.23311,-0.81527,0.04694,0.00391,0.00320,0.99889,-1.49392,0.17444,0.01537
125632000000,9.14804,33.24429,-0.81455,0.04834,0.00388,0.00326,0.99882,-1.48935,0.16941,0.01091
125698000000,9.04885,33.25548,-0.81481,0.04975,0.00400,0.00325,0.99875,-1.50277,0.16947,-0.00390
125731000000,8.99858,33.26093,-0.81438,0.05052,0.00398,0.00327,0.99871,-1.52331,0.16519,0.01276
125797000000,8.90091,33.27247,-0.81341,0.05157,0.00397,0.00330,0.99866,-1.47991,0.17484,0.01478
125830000000,8.85249,33.27848,-0.81238,0.05234,0.00377,0.00344,0.99862,-1.46736,0.18207,0.03112
125863000000,8.80258,33.28417,-0.81209,0.05284,0.00380,0.00348,0.99859,-1.51233,0.17247,0.00895
125896000000,8.75291,33.29008,-0.81185,0.05344,0.00380,0.00349,0.99856,-1.50522,0.17906,0.00732
125962000000,8.65432,33.30160,-0.81128,0.05434,0.00383,0.00361,0.99851,-1.49377,0.17461,0.00855
125995000000,8.60524,33.30740,-0.81097,0.05495,0.00383,0.00359,0.99848,-1.48739,0.17571,0.00941
126061000000,8.50666,33.31919,-0.81027,0.05599,0.00382,0.00355,0.99842,-1.49358,0.17865,0.01065
126094000000,8.45770,33.32495,-0.81112,0.05641,0.00376,0.00339,0.99839,-1.48371,0.17467,-0.02576
126127000000,8.40808,33.33113,-0.81074,0.05691,0.00381,0.00338,0.99837,-1.50360,0.18704,0.01137
126160000000,8.35925,33.33741,-0.81042,0.05734,0.00383,0.00339,0.99834,-1.47961,0.19050,0.00989
126193000000,8.31016,33.34381,-0.80990,0.05759,0.00373,0.00350,0.99833,-1.48747,0.19386,0.01565
126259000000,8.21035,33.35543,-0.80905,0.05852,0.00390,0.00351,0.99827,-1.51240,0.17611,0.01293
126292000000,8.16110,33.36156,-0.80866,0.05881,0.00383,0.00346,0.99826,-1.49215,0.18553,0.01176
126325000000,8.11213,33.36768,-0.80835,0.05925,0.00388,0.00338,0.99823,-1.48400,0.18553,0.00927
126391000000,8.01325,33.38059,-0.80774,0.05989,0.00390,0.00346,0.99819,-1.49818,0.19559,0.00924
126424000000,7.96551,33.38821,-0.80704,0.06038,0.00370,0.00354,0.99816,-1.44662,0.23096,0.02140
126490000000,7.86633,33.40107,-0.80685,0.06108,0.00384,0.00365,0.99812,-1.50285,0.19478,0.00281
126523000000,7.81706,33.40819,-0.80643,0.06124,0.00374,0.00376,0.99811,-1.49296,0.21582,0.01273
126556000000,7.76774,33.41408,-0.80614,0.06169,0.00379,0.00367,0.99808,-1.49457,0.17860,0.00880
126589000000,7.71862,33.42091,-0.80576,0.06176,0.00378,0.00369,0.99808,-1.48828,0.20703,0.01156
126688000000,7.57329,33.44043,-0.80435,0.06250,0.00374,0.00356,0.99803,-1.46800,0.19709,0.01421
126754000000,7.47485,33.45335,-0.80354,0.06305,0.00363,0.00361,0.99800,-1.49152,0.19582,0.01228
126820000000,7.37670,33.46591,-0.80259,0.06354,0.00360,0.00358,0.99797,-1.48715,0.19027,0.01438
126886000000,7.27795,33.47898,-0.80211,0.06396,0.00365,0.00335,0.99794,-1.49617,0.19813,0.00724
126919000000,7.22551,33.48721,-0.80441,0.06388,0.00372,0.00371,0.99794,-1.58925,0.24934,-0.06948
126985000000,7.12684,33.50003,-0.80381,0.06425,0.00374,0.00369,0.99792,-1.49501,0.19426,0.00902
127018000000,7.07777,33.50639,-0.80373,0.06451,0.00378,0.00354,0.99790,-1.48673,0.19247,0.00237
127051000000,7.03008,33.51233,-0.80291,0.06464,0.00383,0.00375,0.99789,-1.44538,0.18010,0.02510
127117000000,6.93152,33.52575,-0.80202,0.06502,0.00371,0.00381,0.99787,-1.49323,0.20333,0.01343
127150000000,6.88272,33.53225,-0.80165,0.06520,0.00371,0.00376,0.99786,-1.47879,0.19686,0.01126
127183000000,6.83290,33.53914,-0.80141,0.06521,0.00373,0.00378,0.99786,-1.50984,0.20888,0.00709
127249000000,6.73321,33.55291,-0.80224,0.06545,0.00382,0.00363,0.99784,-1.51043,0.20871,-0.01260
127282000000,6.68483,33.55928,-0.80138,0.06570,0.00375,0.00361,0.99783,-1.46593,0.19282,0.02634
127348000000,6.58645,33.57249,-0.80048,0.06595,0.00368,0.00371,0.99781,-1.49072,0.20021,0.01357
127381000000,6.53742,33.57956,-0.80022,0.06599,0.00369,0.00376,0.99781,-1.48568,0.21409,0.00775
127447000000,6.43958,33.59250,-0.79929,0.06620,0.00364,0.00375,0.99779,-1.48245,0.19617,0.01422
127513000000,6.34143,33.60415,-0.79867,0.06638,0.00371,0.00356,0.99778,-1.48703,0.17640,0.00934
127579000000,6.24359,33.61723,-0.79783,0.06666,0.00373,0.00361,0.99776,-1.48247,0.19831,0.01269
127645000000,6.14561,33.63065,-0.79676,0.06682,0.00361,0.00357,0.99775,-1.48460,0.20328,0.01628
127678000000,6.09660,33.63628,-0.79666,0.06702,0.00347,0.00409,0.99774,-1.48517,0.17062,0.00310
127744000000,5.99594,33.65022,-0.79592,0.06667,0.00345,0.00423,0.99776,-1.52505,0.21114,0.01117
127777000000,5.94438,33.65664,-0.79591,0.06619,0.00350,0.00412,0.99779,-1.56258,0.19467,0.00024
127810000000,5.88985,33.66283,-0.79562,0.06561,0.00351,0.00412,0.99783,-1.65246,0.18750,0.00882
127876000000,5.78673,33.67459,-0.79496,0.06366,0.00355,0.00416,0.99796,-1.56245,0.17819,0.01005
127909000000,5.73622,33.67970,-0.79450,0.06257,0.00358,0.00413,0.99803,-1.53056,0.15502,0.01371
127942000000,5.68601,33.68436,-0.79432,0.06140,0.00366,0.00405,0.99810,-1.52143,0.14103,0.00539
127975000000,5.63655,33.68919,-0.79395,0.06017,0.00363,0.00402,0.99817,-1.49879,0.14658,0.01145
128008000000,5.58711,33.69355,-0.79375,0.05905,0.00368,0.00397,0.99824,-1.49806,0.13201,0.00584
128074000000,5.49037,33.70269,-0.79256,0.05698,0.00364,0.00398,0.99836,-1.46586,0.13849,0.01810
128140000000,5.39256,33.71154,-0.79201,0.05509,0.00369,0.00396,0.99847,-1.48187,0.13415,0.00830
128173000000,5.34570,33.71682,-0.79162,0.05408,0.00369,0.00395,0.99852,-1.42011,0.15987,0.01200
128206000000,5.29724,33.72138,-0.79110,0.05315,0.00368,0.00400,0.99857,-1.46851,0.13814,0.01548
128239000000,5.24827,33.72555,-0.79068,0.05225,0.00360,0.00404,0.99862,-1.48377,0.12646,0.01279
128305000000,5.15113,33.73546,-0.78904,0.05068,0.00363,0.00407,0.99870,-1.47194,0.15010,0.02482
128338000000,5.10296,33.73986,-0.78848,0.04977,0.00358,0.00413,0.99875,-1.45957,0.13351,0.01697
128371000000,5.05404,33.74368,-0.78800,0.04900,0.00358,0.00416,0.99878,-1.48237,0.11548,0.01465
128470000000,4.90628,33.75522,-0.78678,0.04692,0.00354,0.00410,0.99888,-1.49256,0.11664,0.01230
128536000000,4.80634,33.76303,-0.78707,0.04538,0.00354,0.00422,0.99895,-1.51415,0.11831,-0.00434
128569000000,4.75688,33.76649,-0.78678,0.04470,0.00361,0.00413,0.99899,-1.49886,0.10473,0.00868
128602000000,4.70669,33.76987,-0.78649,0.04389,0.00360,0.00421,0.99902,-1.52099,0.10242,0.00891
128635000000,4.65618,33.77303,-0.78614,0.04306,0.00359,0.00414,0.99906,-1.53050,0.09595,0.01067
128701000000,4.55199,33.77932,-0.78602,0.04084,0.00363,0.00416,0.99915,-1.57861,0.09531,0.00180
128734000000,4.50049,33.78215,-0.78557,0.03941,0.00364,0.00418,0.99921,-1.56066,0.08566,0.01355
128767000000,4.44782,33.78403,-0.78526,0.03776,0.00371,0.00407,0.99927,-1.59612,0.05710,0.00937
128833000000,4.34229,33.78676,-0.78440,0.03342,0.00371,0.00410,0.99943,-1.59891,0.04133,0.01300
128866000000,4.29060,33.78751,-0.78384,0.03101,0.00370,0.00411,0.99950,-1.56651,0.02266,0.01699
128899000000,4.23781,33.78712,-0.78432,0.02832,0.00386,0.00382,0.99958,-1.59964,-0.01191,-0.01447
128965000000,4.13821,33.78673,-0.78313,0.02321,0.00377,0.00389,0.99972,-1.50909,-0.00590,0.01796
128998000000,4.08933,33.78618,-0.78279,0.02092,0.00385,0.00389,0.99977,-1.48127,-0.01665,0.01043
129031000000,4.04052,33.78564,-0.78207,0.01856,0.00378,0.00386,0.99981,-1.47892,-0.01630,0.02192
129097000000,3.94477,33.78328,-0.78187,0.01429,0.00391,0.00361,0.99988,-1.45085,-0.03584,0.00302
129163000000,3.84699,33.78151,-0.78088,0.01022,0.00382,0.00364,0.99993,-1.48142,-0.02682,0.01494
129229000000,3.74833,33.77954,-0.78042,0.00625,0.00387,0.00366,0.99997,-1.49489,-0.02971,0.00699
129295000000,3.65055,33.77607,-0.77987,0.00283,0.00397,0.00361,0.99998,-1.48149,-0.05265,0.00839
129328000000,3.60196,33.77350,-0.77981,0.00118,0.00402,0.00354,0.99998,-1.47262,-0.07780,0.00185
129394000000,3.50299,33.77036,-0.77903,-0.00196,0.00402,0.00337,0.99998,-1.49952,-0.04768,0.01181
129460000000,3.40489,33.76575,-0.77869,-0.00493,0.00408,0.00347,0.99997,-1.48638,-0.06976,0.00507
129493000000,3.35609,33.76387,-0.77844,-0.00628,0.00415,0.00339,0.99997,-1.47857,-0.05687,0.00761
129526000000,3.30692,33.76141,-0.77804,-0.00765,0.00414,0.00347,0.99996,-1.49026,-0.07456,0.01201
129559000000,3.25812,33.75905,-0.77753,-0.00894,0.00408,0.00346,0.99995,-1.47851,-0.07155,0.01546
129592000000,3.21058,33.75811,-0.77724,-0.01026,0.00397,0.00365,0.99993,-1.44078,-0.02867,0.00878
129625000000,3.16197,33.75563,-0.77659,-0.01143,0.00400,0.00372,0.99992,-1.47312,-0.07491,0.01992
129658000000,3.11290,33.75311,-0.77602,-0.01262,0.00396,0.00370,0.99991,-1.48692,-0.07664,0.01705
129691000000,3.06396,33.75066,-0.77561,-0.01377,0.00398,0.00355,0.99989,-1.48284,-0.07421,0.01249
129757000000,2.96517,33.74518,-0.77497,-0.01587,0.00405,0.00354,0.99986,-1.49686,-0.08300,0.00965
129823000000,2.86625,33.74006,-0.77448,-0.01787,0.00405,0.00352,0.99983,-1.49883,-0.07762,0.00748
129889000000,2.76670,33.73435,-0.77366,-0.02006,0.00401,0.00360,0.99978,-1.50836,-0.08647,0.01245
129955000000,2.66604,33.72741,-0.77266,-0.02283,0.00398,0.00354,0.99973,-1.52512,-0.10508,0.01507
129988000000,2.61560,33.72343,-0.77206,-0.02448,0.00394,0.00353,0.99969,-1.52833,-0.12057,0.01823
130021000000,2.56478,33.71883,-0.77175,-0.02630,0.00398,0.00364,0.99964,-1.54000,-0.13953,0.00962
130054000000,2.51575,33.71344,-0.77109,-0.02862,0.00413,0.00350,0.99958,-1.48595,-0.16345,0.02002
130120000000,2.41007,33.70114,-0.77014,-0.03406,0.00420,0.00341,0.99941,-1.60114,-0.18634,0.01428
130153000000,2.35774,33.69490,-0.76973,-0.03754,0.00424,0.00342,0.99928,-1.58582,-0.18912,0.01255
130219000000,2.25272,33.67938,-0.76867,-0.04592,0.00421,0.00338,0.99893,-1.59126,-0.23512,0.01605
130252000000,2.19969,33.66990,-0.76813,-0.05091,0.00420,0.00351,0.99869,-1.60683,-0.28737,0.01636
130285000000,2.14640,33.65901,-0.76750,-0.05669,0.00422,0.00337,0.99838,-1.61479,-0.32980,0.01900
130351000000,2.04025,33.63384,-0.76619,-0.07034,0.00422,0.00337,0.99751,-1.60844,-0.38135,0.01990
130384000000,1.98909,33.61582,-0.76470,-0.07765,0.00427,0.00304,0.99697,-1.55029,-0.54620,0.04526
130417000000,1.93620,33.59974,-0.76422,-0.08644,0.00429,0.00309,0.99624,-1.60252,-0.48724,0.01427
130450000000,1.88305,33.58188,-0.76365,-0.09631,0.00426,0.00298,0.99534,-1.61063,-0.54122,0.01753
130483000000,1.83074,33.56161,-0.76323,-0.10700,0.00436,0.00286,0.99424,-1.58516,-0.61417,0.01252
130549000000,1.72832,33.51553,-0.76177,-0.13113,0.00444,0.00270,0.99135,-1.55189,-0.69815,0.02222
130582000000,1.67844,33.48898,-0.76110,-0.14466,0.00446,0.00260,0.98947,-1.51153,-0.80479,0.02011
130615000000,1.62955,33.46089,-0.76072,-0.15849,0.00448,0.00255,0.98735,-1.48150,-0.85102,0.01168
130648000000,1.57862,33.43282,-0.76245,-0.17279,0.00463,0.00289,0.98494,-1.54321,-0.85068,-0.05257
130714000000,1.49000,33.37007,-0.76092,-0.20061,0.00458,0.00287,0.97966,-1.34271,-0.95078,0.02324
130747000000,1.44816,33.33687,-0.76007,-0.21429,0.00458,0.00274,0.97676,-1.26790,-1.00592,0.02568
130813000000,1.36806,33.26631,-0.75880,-0.24059,0.00472,0.00250,0.97061,-1.21364,-1.06916,0.01926
130846000000,1.33022,33.23004,-0.75808,-0.25308,0.00476,0.00234,0.96743,-1.14674,-1.09910,0.02169
130879000000,1.29297,33.19294,-0.75762,-0.26507,0.00475,0.00231,0.96421,-1.12882,-1.12418,0.01410
130945000000,1.22089,33.11848,-0.75647,-0.28628,0.00483,0.00211,0.95813,-1.09207,-1.12817,0.01742
130978000000,1.18182,33.07785,-0.75516,-0.29565,0.00465,0.00231,0.95528,-1.18385,-1.23134,0.03950
131044000000,1.11375,33.00331,-0.75413,-0.31259,0.00473,0.00233,0.94987,-1.03136,-1.12927,0.01568
131077000000,1.07966,32.96518,-0.75350,-0.32017,0.00465,0.00235,0.94735,-1.03311,-1.15574,0.01922
131143000000,1.01755,32.88719,-0.75091,-0.33235,0.00466,0.00192,0.94314,-0.94113,-1.18157,0.03921
131176000000,0.98422,32.84916,-0.75062,-0.33809,0.00476,0.00178,0.94110,-1.00983,-1.15239,0.00871
131209000000,0.95204,32.81122,-0.75000,-0.34366,0.00479,0.00180,0.93908,-0.97532,-1.14973,0.01874
131308000000,0.85593,32.69322,-0.74845,-0.36149,0.00478,0.00179,0.93236,-0.97075,-1.19192,0.01566
131341000000,0.82575,32.65316,-0.74801,-0.36806,0.00481,0.00183,0.92979,-0.91471,-1.21400,0.01332
131407000000,0.76566,32.57313,-0.74696,-0.38207,0.00502,0.00176,0.92412,-0.91040,-1.21255,0.01591
131440000000,0.73642,32.53094,-0.74643,-0.38979,0.00493,0.00181,0.92089,-0.88597,-1.27850,0.01618
131473000000,0.70904,32.48741,-0.74576,-0.39828,0.00492,0.00170,0.91725,-0.82981,-1.31919,0.02016
131539000000,0.65912,32.40102,-0.74452,-0.41657,0.00485,0.00205,0.90909,-0.75643,-1.30890,0.01889
131572000000,0.63494,32.35599,-0.74403,-0.42616,0.00490,0.00193,0.90463,-0.73261,-1.36462,0.01464
131638000000,0.58965,32.26431,-0.74310,-0.44586,0.00496,0.00180,0.89509,-0.68619,-1.38901,0.01409
131671000000,0.56854,32.21811,-0.74236,-0.45496,0.00492,0.00177,0.89049,-0.63966,-1.39999,0.02260
131737000000,0.52839,32.12449,-0.74120,-0.47158,0.00506,0.00162,0.88181,-0.60835,-1.41849,0.01748
131770000000,0.50315,32.07200,-0.74266,-0.47895,0.00516,0.00167,0.87782,-0.76488,-1.59061,-0.04407
131836000000,0.46558,31.97803,-0.74158,-0.49261,0.00513,0.00165,0.87023,-0.56927,-1.42389,0.01627
131869000000,0.44738,31.93122,-0.74097,-0.49877,0.00512,0.00172,0.86672,-0.55147,-1.41849,0.01868
131902000000,0.42971,31.88330,-0.74070,0.50440,-0.00521,-0.00163,-0.86345,-0.53538,-1.45207,0.00800
131968000000,0.39776,31.78960,-0.73836,0.51505,-0.00507,-0.00164,-0.85714,-0.48412,-1.41965,0.03554
132034000000,0.36553,31.69505,-0.73738,0.52502,-0.00509,-0.00162,-0.85108,-0.48830,-1.43253,0.01482
132100000000,0.33459,31.60131,-0.73604,0.53455,-0.00511,-0.00151,-0.84512,-0.46880,-1.42028,0.02026
132133000000,0.31713,31.55299,-0.73487,0.53918,-0.00507,-0.00167,-0.84217,-0.52921,-1.46438,0.03550
132166000000,0.30288,31.50638,-0.73393,0.54380,-0.00507,-0.00158,-0.83920,-0.43185,-1.41242,0.02836
132199000000,0.28880,31.45939,-0.73327,0.54850,-0.00505,-0.00165,-0.83613,-0.42653,-1.42386,0.02020
132265000000,0.26260,31.36442,-0.73221,0.55812,-0.00503,-0.00171,-0.82975,-0.39704,-1.43901,0.01611
132298000000,0.25008,31.31566,-0.73278,0.56336,-0.00510,-0.00150,-0.82619,-0.37933,-1.47756,-0.01731
132364000000,0.22889,31.21873,-0.73118,0.57442,-0.00498,-0.00153,-0.81854,-0.32111,-1.46869,0.02413
132430000000,0.21068,31.11932,-0.72994,0.58598,-0.00493,-0.00140,-0.81031,-0.27588,-1.50614,0.01888
132463000000,0.20279,31.06931,-0.72952,0.59211,-0.00498,-0.00134,-0.80584,-0.23911,-1.51548,0.01273
132529000000,0.19093,30.96685,-0.72736,0.60437,-0.00498,-0.00110,-0.79669,-0.17962,-1.55235,0.03275
132562000000,0.18490,30.91548,-0.72683,0.61062,-0.00498,-0.00111,-0.79191,-0.18276,-1.55669,0.01581
132595000000,0.18039,30.86392,-0.72670,0.61666,-0.00504,-0.00110,-0.78721,-0.13660,-1.56264,0.00409
132628000000,0.17612,30.81391,-0.72615,0.62256,-0.00504,-0.00100,-0.78256,-0.12957,-1.51536,0.01668
132694000000,0.17232,30.71143,-0.72556,0.63287,-0.00506,-0.00109,-0.77424,-0.05746,-1.55270,0.00894
132727000000,0.16981,30.66246,-0.72533,0.63791,-0.00505,-0.00106,-0.77009,-0.07633,-1.48386,0.00680
132793000000,0.16624,30.56676,-0.72459,0.64748,-0.00509,-0.00092,-0.76207,-0.05396,-1.45008,0.01125
132826000000,0.16523,30.51951,-0.72422,0.65190,-0.00501,-0.00102,-0.75828,-0.03070,-1.43173,0.01129
132859000000,0.16541,30.47303,-0.72261,0.65610,-0.00508,-0.00066,-0.75466,0.00535,-1.40861,0.04876
132925000000,0.16459,30.37677,-0.72226,0.66414,-0.00500,-0.00084,-0.74759,-0.01235,-1.45840,0.00524
132958000000,0.16444,30.32832,-0.72179,0.66821,-0.00503,-0.00077,-0.74396,-0.00465,-1.46831,0.01436
132991000000,0.16511,30.27972,-0.72122,0.67194,-0.00497,-0.00079,-0.74059,0.02037,-1.47265,0.01731
133057000000,0.16794,30.18038,-0.72049,0.67959,-0.00504,-0.00076,-0.73357,0.04285,-1.50516,0.01111
133090000000,0.17133,30.12754,-0.72125,0.68334,-0.00503,-0.00080,-0.73009,0.10259,-1.60131,-0.02314
133123000000,0.17342,30.07877,-0.72089,0.68692,-0.00507,-0.00079,-0.72672,0.06352,-1.47796,0.01086
133156000000,0.17636,30.03033,-0.72071,0.69040,-0.00508,-0.00086,-0.72341,0.08918,-1.46779,0.00563
133189000000,0.17895,29.98480,-0.71896,0.69377,-0.00522,-0.00063,-0.72017,0.07848,-1.37971,0.05278
133222000000,0.18215,29.93637,-0.71872,0.69696,-0.00515,-0.00071,-0.71709,0.09697,-1.46768,0.00730
133255000000,0.18589,29.88814,-0.71859,0.70006,-0.00514,-0.00076,-0.71407,0.11312,-1.46143,0.00416
133288000000,0.18972,29.83994,-0.71831,0.70296,-0.00517,-0.00075,-0.71121,0.11627,-1.46045,0.00842
133321000000,0.19441,29.79051,-0.71758,0.70562,-0.00516,-0.00062,-0.70857,0.14203,-1.49785,0.02215
133354000000,0.19807,29.74207,-0.71730,0.70851,-0.00516,-0.00060,-0.70568,0.11102,-1.46791,0.00826
133387000000,0.20265,29.69334,-0.71712,0.71101,-0.00510,-0.00060,-0.70317,0.13854,-1.47669,0.00571
133420000000,0.20763,29.64488,-0.71694,0.71338,-0.00517,-0.00061,-0.70076,0.15100,-1.46866,0.00532
133486000000,0.21765,29.54914,-0.71547,0.71792,-0.00503,-0.00034,-0.69611,0.15182,-1.45051,0.02230
133519000000,0.22178,29.50069,-0.71531,0.72031,-0.00504,-0.00052,-0.69363,0.12520,-1.46814,0.00486
133585000000,0.23232,29.40480,-0.71454,0.72443,-0.00485,-0.00070,-0.68933,0.15974,-1.45294,0.01170
133651000000,0.24443,29.30787,-0.71358,0.72808,-0.00491,-0.00054,-0.68547,0.18339,-1.46857,0.01453
133684000000,0.25009,29.25774,-0.71297,0.72984,-0.00494,-0.00031,-0.68360,0.17156,-1.51912,0.01827
133717000000,0.25612,29.20929,-0.71297,0.73163,-0.00484,-0.00043,-0.68168,0.18284,-1.46831,0.00016
133783000000,0.26924,29.11248,-0.71241,0.73472,-0.00497,-0.00037,-0.67835,0.19869,-1.46681,0.00850
133849000000,0.28350,29.01588,-0.71257,0.73749,-0.00517,-0.00040,-0.67534,0.21610,-1.46360,-0.00250
133915000000,0.29701,28.91899,-0.71187,0.74031,-0.00511,-0.00043,-0.67225,0.20478,-1.46802,0.01063
133948000000,0.30401,28.87029,-0.71150,0.74163,-0.00503,-0.00033,-0.67078,0.21192,-1.47600,0.01114
134014000000,0.31875,28.77417,-0.71077,0.74405,-0.00517,-0.00029,-0.66811,0.22341,-1.45626,0.01110
134047000000,0.32655,28.72583,-0.70996,0.74506,-0.00497,-0.00041,-0.66698,0.23616,-1.46490,0.02453
134113000000,0.34112,28.63031,-0.70846,0.74718,-0.00472,-0.00062,-0.66461,0.22086,-1.44722,0.02279
134146000000,0.34838,28.58212,-0.70820,0.74829,-0.00484,-0.00055,-0.66335,0.21994,-1.46051,0.00774
134179000000,0.35633,28.53418,-0.70743,0.74925,-0.00487,-0.00034,-0.66227,0.24089,-1.45276,0.02343
134245000000,0.37425,28.43706,-0.70652,0.75091,-0.00503,-0.00022,-0.66039,0.27148,-1.47152,0.01378
134278000000,0.38127,28.38865,-0.70676,0.75189,-0.00510,-0.00036,-0.65926,0.21268,-1.46687,-0.00745
134344000000,0.39807,28.29268,-0.70579,0.75352,-0.00512,-0.00030,-0.65741,0.25454,-1.45404,0.01474
134377000000,0.40578,28.24634,-0.70399,0.75452,-0.00513,-0.00022,-0.65626,0.23383,-1.40433,0.05471
134410000000,0.41394,28.19705,-0.70407,0.75581,-0.00521,-0.00022,-0.65477,0.24704,-1.49363,-0.00244
134476000000,0.43238,28.09859,-0.70335,0.75875,-0.00514,-0.00034,-0.65136,0.27954,-1.49184,0.01086
134542000000,0.45443,27.99581,-0.70429,0.76215,-0.00503,-0.00027,-0.64738,0.33406,-1.55732,-0.01421
134575000000,0.46536,27.94582,-0.70400,0.76416,-0.00493,-0.00037,-0.64501,0.33126,-1.51467,0.00863
134608000000,0.47717,27.89554,-0.70360,0.76647,-0.00500,-0.00038,-0.64226,0.35784,-1.52374,0.01214
134641000000,0.49029,27.84513,-0.70354,0.76905,-0.00503,-0.00038,-0.63916,0.39750,-1.52767,0.00192
134674000000,0.50289,27.78976,-0.70286,0.77182,-0.00495,-0.00043,-0.63583,0.38193,-1.67772,0.02046
134740000000,0.52984,27.69134,-0.70236,0.77692,-0.00495,-0.00044,-0.62958,0.40828,-1.49129,0.00763
134773000000,0.54435,27.64286,-0.70228,0.77928,-0.00497,-0.00041,-0.62666,0.43952,-1.46895,0.00233
134806000000,0.55807,27.59494,-0.70199,0.78100,-0.00505,-0.00009,-0.62451,0.41579,-1.45207,0.00887
134839000000,0.57152,27.54817,-0.70216,0.78279,-0.00524,-0.00027,-0.62227,0.40783,-1.41722,-0.00511
134872000000,0.58606,27.50124,-0.70224,0.78428,-0.00531,-0.00039,-0.62039,0.44042,-1.42219,-0.00235
134938000000,0.61534,27.40582,-0.69984,0.78709,-0.00475,-0.00055,-0.61683,0.44361,-1.44571,0.03640
134971000000,0.62950,27.35918,-0.69963,0.78845,-0.00483,-0.00054,-0.61508,0.42918,-1.41335,0.00632
135004000000,0.64391,27.31243,-0.69967,0.78970,-0.00494,-0.00065,-0.61347,0.43670,-1.41693,-0.00116
135037000000,0.65893,27.26465,-0.69892,0.79114,-0.00472,-0.00059,-0.61162,0.45506,-1.44768,0.02261
135103000000,0.68912,27.17161,-0.69825,0.79348,-0.00466,-0.00057,-0.60858,0.45752,-1.40970,0.01014
135136000000,0.70460,27.12469,-0.69814,0.79481,-0.00476,-0.00067,-0.60684,0.46896,-1.42196,0.00336
135169000000,0.72216,27.07794,-0.69817,0.79624,-0.00507,-0.00045,-0.60496,0.53211,-1.41652,-0.00103
135202000000,0.73868,27.03101,-0.69782,0.79812,-0.00513,-0.00040,-0.60247,0.50051,-1.42207,0.01073
135268000000,0.77365,26.93545,-0.69778,0.80240,-0.00511,-0.00065,-0.59677,0.52985,-1.44797,0.00054
135334000000,0.80951,26.84338,-0.69493,0.80664,-0.00536,-0.00019,-0.59102,0.54335,-1.39491,0.04327
135367000000,0.82795,26.79707,-0.69489,0.80858,-0.00531,-0.00024,-0.58837,0.55889,-1.40352,0.00111
135400000000,0.84601,26.75078,-0.69451,0.81021,-0.00531,-0.00020,-0.58612,0.54735,-1.40277,0.01161
135466000000,0.88252,26.65836,-0.69351,0.81290,-0.00505,-0.00017,-0.58238,0.55311,-1.40028,0.01515
135532000000,0.92068,26.56649,-0.69291,0.81659,-0.00491,-0.00031,-0.57719,0.57817,-1.39190,0.00902
135565000000,0.94098,26.52028,-0.69248,0.81867,-0.00503,-0.00021,-0.57424,0.61517,-1.40034,0.01322
135598000000,0.96039,26.47674,-0.69139,0.82098,-0.00514,-0.00027,-0.57093,0.58834,-1.31942,0.03292
135664000000,1.00416,26.38477,-0.69057,0.82641,-0.00539,-0.00010,-0.56305,0.66316,-1.39343,0.01242
135697000000,1.02720,26.33848,-0.69025,0.82951,-0.00517,-0.00016,-0.55846,0.69797,-1.40271,0.00972
135730000000,1.05401,26.29064,-0.69302,0.83273,-0.00555,-0.00034,-0.55365,0.81255,-1.44987,-0.08395
135763000000,1.07869,26.24555,-0.69263,0.83639,-0.00540,-0.00029,-0.54811,0.74785,-1.36630,0.01194
135796000000,1.10448,26.20021,-0.69234,0.84023,-0.00538,-0.00030,-0.54221,0.78166,-1.37387,0.00853
135829000000,1.13223,26.15727,-0.69248,0.84343,-0.00599,-0.00017,-0.53721,0.84079,-1.30133,-0.00404
135862000000,1.15907,26.11390,-0.69241,0.84682,-0.00590,-0.00017,-0.53185,0.81331,-1.31422,0.00217
135961000000,1.24154,25.98750,-0.69157,0.85500,-0.00570,-0.00003,-0.51860,0.83304,-1.27671,0.00849
135994000000,1.26810,25.94591,-0.69116,0.85725,-0.00559,-0.00001,-0.51486,0.80476,-1.26035,0.01236
136027000000,1.29389,25.90413,-0.69053,0.85908,-0.00529,-0.00000,-0.51181,0.78169,-1.26613,0.01907
136060000000,1.32076,25.86262,-0.69049,0.86075,-0.00509,-0.00013,-0.50901,0.81425,-1.25781,0.00103
136126000000,1.37637,25.78243,-0.69010,0.86352,-0.00527,-0.00015,-0.50429,0.84247,-1.21507,0.00602
136192000000,1.43445,25.69905,-0.68864,0.86628,-0.00536,0.00018,-0.49953,0.88004,-1.26333,0.02205
136225000000,1.46231,25.65877,-0.68861,0.86760,-0.00536,0.00014,-0.49724,0.84430,-1.22059,0.00104
136291000000,1.51667,25.57816,-0.68769,0.87014,-0.00500,0.00002,-0.49278,0.82355,-1.22134,0.01388
136324000000,1.54551,25.53731,-0.68794,0.87127,-0.00509,-0.00007,-0.49077,0.87405,-1.23798,-0.00748
136357000000,1.57357,25.49629,-0.68829,0.87234,-0.00494,0.00004,-0.48887,0.85032,-1.24296,-0.01078
136423000000,1.63123,25.41546,-0.68813,0.87471,-0.00505,0.00002,-0.48463,0.87372,-1.22463,0.00247
136489000000,1.69019,25.33490,-0.68819,0.87787,-0.00517,-0.00004,-0.47888,0.89323,-1.22067,-0.00083
136522000000,1.72093,25.29547,-0.68832,0.87957,-0.00525,0.00024,-0.47574,0.93165,-1.19487,-0.00418
136588000000,1.78387,25.21667,-0.68837,0.88379,-0.00538,0.00013,-0.46785,0.95358,-1.19397,-0.00073
136621000000,1.81579,25.17766,-0.68820,0.88632,-0.00531,0.00016,-0.46305,0.96745,-1.18215,0.00534
136654000000,1.84900,25.14003,-0.68795,0.88903,-0.00516,0.00010,-0.45782,1.00635,-1.14019,0.00731
136687000000,1.88251,25.10180,-0.68782,0.89177,-0.00522,0.00018,-0.45247,1.01541,-1.15851,0.00406
136720000000,1.91645,25.06406,-0.68787,0.89425,-0.00501,0.00014,-0.44753,1.02841,-1.14372,-0.00161
136753000000,1.95091,25.02700,-0.68784,0.89652,-0.00502,0.00013,-0.44297,1.04428,-1.12297,0.00107
136819000000,2.02053,24.95308,-0.68685,0.90010,-0.00532,0.00048,-0.43566,1.05486,-1.11990,0.01493
136885000000,2.08923,24.88073,-0.68683,0.90269,-0.00521,0.00048,-0.43025,1.04084,-1.09626,0.00029
136918000000,2.12304,24.84470,-0.68661,0.90380,-0.00523,0.00048,-0.42793,1.02457,-1.09181,0.00680
136984000000,2.19165,24.77336,-0.68634,0.90588,-0.00523,0.00048,-0.42349,1.03964,-1.08092,0.00415
137017000000,2.22703,24.73643,-0.68664,0.90686,-0.00540,0.00039,-0.42140,1.07199,-1.11904,-0.00936
137116000000,2.33094,24.62980,-0.68623,0.90959,-0.00518,0.00027,-0.41548,1.04955,-1.07707,0.00415
137182000000,2.40103,24.55942,-0.68556,0.91121,-0.00528,0.00040,-0.41190,1.06199,-1.06635,0.01017
137215000000,2.43622,24.52329,-0.68678,0.91191,-0.00516,0.00031,-0.41037,1.06636,-1.09493,-0.03695
137281000000,2.50582,24.45305,-0.68640,0.91335,-0.00513,0.00031,-0.40715,1.05464,-1.06430,0.00585
137347000000,2.57635,24.38386,-0.68623,0.91470,-0.00517,0.00034,-0.40410,1.06856,-1.04826,0.00245
137413000000,2.64606,24.31517,-0.68531,0.91602,-0.00491,0.00031,-0.40110,1.05632,-1.04081,0.01394
137446000000,2.68089,24.28044,-0.68534,0.91663,-0.00478,0.00022,-0.39971,1.05519,-1.05251,-0.00077
137479000000,2.71591,24.24570,-0.68507,0.91718,-0.00484,0.00023,-0.39845,1.06124,-1.05274,0.00821
137545000000,2.78725,24.17393,-0.68615,0.91829,-0.00470,0.00033,-0.39588,1.08102,-1.08733,-0.01647
137578000000,2.82230,24.13937,-0.68590,0.91885,-0.00465,0.00038,-0.39457,1.06187,-1.04725,0.00763
137644000000,2.89288,24.07070,-0.68513,0.91978,-0.00450,0.00038,-0.39241,1.06940,-1.04049,0.01172
137710000000,2.96762,24.00072,-0.68620,0.92068,-0.00460,0.00015,-0.39029,1.13248,-1.06028,-0.01617
137743000000,3.00307,23.96604,-0.68585,0.92114,-0.00467,0.00019,-0.38922,1.07412,-1.05106,0.01060
137776000000,3.03904,23.93158,-0.68561,0.92162,-0.00469,0.00030,-0.38806,1.09023,-1.04401,0.00714
137842000000,3.11187,23.86286,-0.68564,0.92309,-0.00463,0.00029,-0.38455,1.10349,-1.04127,-0.00051
137908000000,3.18515,23.79766,-0.68596,0.92505,-0.00467,0.00032,-0.37981,1.11022,-0.98792,-0.00473
137974000000,3.25916,23.73099,-0.68594,0.92657,-0.00466,0.00037,-0.37610,1.12145,-1.01009,0.00019
138007000000,3.29706,23.69722,-0.68605,0.92703,-0.00480,0.00039,-0.37495,1.14833,-1.02326,-0.00306
138073000000,3.37042,23.63124,-0.68562,0.92786,-0.00473,0.00042,-0.37289,1.11149,-0.99977,0.00643
138106000000,3.40806,23.59840,-0.68566,0.92831,-0.00483,0.00017,-0.37178,1.14080,-0.99517,-0.00126
138139000000,3.44490,23.56550,-0.68530,0.92866,-0.00481,0.00030,-0.37089,1.11617,-0.99679,0.01097
138172000000,3.48193,23.53222,-0.68513,0.92908,-0.00484,0.00030,-0.36985,1.12224,-1.00876,0.00520
138238000000,3.55456,23.46551,-0.68392,0.92979,-0.00475,0.00044,-0.36805,1.10040,-1.01063,0.01838
138271000000,3.59179,23.43247,-0.68393,0.93014,-0.00477,0.00041,-0.36717,1.12830,-1.00142,-0.00030
138337000000,3.66631,23.36677,-0.68357,0.93077,-0.00485,0.00041,-0.36558,1.12914,-0.99546,0.00533
138403000000,3.74009,23.30271,-0.68265,0.93138,-0.00469,0.00045,-0.36401,1.11786,-0.97055,0.01399
138436000000,3.77745,23.27005,-0.68253,0.93163,-0.00470,0.00040,-0.36339,1.13200,-0.98957,0.00376
138535000000,3.89025,23.17156,-0.68231,0.93243,-0.00478,0.00048,-0.36131,1.13942,-0.99488,0.00219
138601000000,3.96492,23.10816,-0.68255,0.93291,-0.00472,0.00045,-0.36008,1.13140,-0.96058,-0.00359
138634000000,4.00201,23.07537,-0.68230,0.93317,-0.00459,0.00044,-0.35941,1.12375,-0.99384,0.00753
138700000000,4.07688,23.01043,-0.68206,0.93359,-0.00461,0.00040,-0.35832,1.13442,-0.98385,0.00361
138766000000,4.15253,22.94576,-0.68173,0.93395,-0.00464,0.00053,-0.35736,1.14624,-0.97989,0.00505
138799000000,4.18898,22.91251,-0.68264,0.93426,-0.00450,0.00034,-0.35656,1.10464,-1.00754,-0.02764
138865000000,4.26374,22.84788,-0.68232,0.93464,-0.00450,0.00031,-0.35557,1.13261,-0.97931,0.00487
138898000000,4.30072,22.81567,-0.68177,0.93482,-0.00449,0.00040,-0.35510,1.12081,-0.97587,0.01650
138964000000,4.37595,22.75077,-0.68142,0.93516,-0.00446,0.00039,-0.35420,1.13979,-0.98330,0.00529
139030000000,4.45124,22.68605,-0.68219,0.93541,-0.00454,0.00050,-0.35354,1.14070,-0.98064,-0.01156
139096000000,4.52689,22.62151,-0.68199,0.93569,-0.00448,0.00048,-0.35280,1.14633,-0.97795,0.00306
139129000000,4.56421,22.58944,-0.68166,0.93582,-0.00454,0.00052,-0.35246,1.13070,-0.97182,0.00985
139162000000,4.60155,22.55685,-0.68173,0.93601,-0.00452,0.00049,-0.35193,1.13166,-0.98760,-0.00200
139195000000,4.64161,22.52493,-0.68207,0.93609,-0.00467,0.00035,-0.35172,1.21384,-0.96720,-0.01040
139228000000,4.67857,22.49252,-0.68188,0.93624,-0.00463,0.00035,-0.35134,1.12018,-0.98205,0.00581
139294000000,4.75396,22.42813,-0.68170,0.93650,-0.00460,0.00028,-0.35063,1.14226,-0.97570,0.00275
139327000000,4.79164,22.39597,-0.68113,0.93654,-0.00452,0.00027,-0.35054,1.14166,-0.97431,0.01703
139360000000,4.82900,22.36386,-0.68110,0.93667,-0.00455,0.00027,-0.35018,1.13224,-0.97327,0.00106
139426000000,4.90468,22.29993,-0.68077,0.93683,-0.00454,0.00029,-0.34975,1.14661,-0.96862,0.00502
139492000000,4.98314,22.23301,-0.68139,0.93707,-0.00440,0.00022,-0.34910,1.18878,-1.01384,-0.00944
139558000000,5.05815,22.16840,-0.68127,0.93729,-0.00444,0.00020,-0.34852,1.13658,-0.97893,0.00176
139591000000,5.09667,22.13626,-0.68125,0.93736,-0.00444,0.00023,-0.34833,1.16718,-0.97396,0.00079
139624000000,5.13430,22.10440,-0.68128,0.93743,-0.00448,0.00017,-0.34815,1.14039,-0.96541,-0.00099
139690000000,5.20979,22.04014,-0.68091,0.93755,-0.00450,0.00021,-0.34781,1.14370,-0.97364,0.00568
139756000000,5.28447,21.97716,-0.68020,0.93775,-0.00447,0.00030,-0.34730,1.13159,-0.95428,0.01065
139789000000,5.32167,21.94504,-0.68012,0.93783,-0.00444,0.00024,-0.34707,1.12739,-0.97333,0.00240
139888000000,5.43551,21.84955,-0.67960,0.93797,-0.00447,0.00035,-0.34668,1.14989,-0.96452,0.00526
139921000000,5.47284,21.81762,-0.67958,0.93812,-0.00447,0.00028,-0.34628,1.13126,-0.96778,0.00074
139987000000,5.54721,21.75282,-0.67911,0.93820,-0.00456,0.00038,-0.34606,1.12673,-0.98179,0.00715
140020000000,5.58447,21.72107,-0.67890,0.93828,-0.00451,0.00035,-0.34586,1.12905,-0.96206,0.00644
140086000000,5.66010,21.65721,-0.67864,0.93837,-0.00449,0.00036,-0.34560,1.14597,-0.96755,0.00393
140119000000,5.69804,21.62540,-0.67870,0.93840,-0.00450,0.00030,-0.34552,1.14973,-0.96390,-0.00179
140185000000,5.77764,21.55891,-0.67888,0.93851,-0.00455,0.00040,-0.34522,1.20595,-1.00748,-0.00278
140251000000,5.85332,21.49503,-0.67910,0.93859,-0.00446,0.00025,-0.34500,1.14671,-0.96792,-0.00330
140284000000,5.89128,21.46324,-0.67896,0.93864,-0.00454,0.00034,-0.34488,1.15032,-0.96338,0.00411
140350000000,5.96673,21.40011,-0.67859,0.93869,-0.00444,0.00029,-0.34474,1.14325,-0.95639,0.00566
140416000000,6.04331,21.33591,-0.67846,0.93875,-0.00446,0.00026,-0.34457,1.16020,-0.97286,0.00194
140482000000,6.11759,21.27317,-0.67818,0.93891,-0.00430,0.00028,-0.34414,1.12553,-0.95050,0.00424
140548000000,6.19371,21.20911,-0.67831,0.93900,-0.00427,0.00019,-0.34390,1.15327,-0.97061,-0.00204
140614000000,6.26967,21.14529,-0.67820,0.93901,-0.00416,0.00011,-0.34386,1.15102,-0.96705,0.00176
140680000000,6.34539,21.08184,-0.67784,0.93910,-0.00421,0.00025,-0.34362,1.14722,-0.96136,0.00539
140746000000,6.41990,21.01821,-0.67660,0.93909,-0.00426,0.00021,-0.34365,1.12888,-0.96405,0.01874
140812000000,6.49561,20.95479,-0.67637,0.93917,-0.00424,0.00020,-0.34342,1.14720,-0.96093,0.00349
140878000000,6.57193,20.89160,-0.67594,0.93911,-0.00432,0.00031,-0.34358,1.15638,-0.95737,0.00658
140911000000,6.60979,20.85991,-0.67566,0.93916,-0.00426,0.00033,-0.34346,1.14723,-0.96026,0.00839
140977000000,6.68386,20.79710,-0.67443,0.93937,-0.00401,0.00019,-0.34287,1.12218,-0.95168,0.01868
141043000000,6.75982,20.73371,-0.67406,0.93939,-0.00411,0.00028,-0.34283,1.15097,-0.96047,0.00559
141109000000,6.83589,20.67034,-0.67382,0.93945,-0.00412,0.00022,-0.34267,1.15258,-0.96023,0.00360
141142000000,6.87450,20.63828,-0.67406,0.93945,-0.00417,0.00018,-0.34265,1.16994,-0.97142,-0.00722
141208000000,6.95292,20.57337,-0.67497,0.93947,-0.00430,0.00045,-0.34261,1.18817,-0.98341,-0.01381
141241000000,6.99136,20.54122,-0.67500,0.93946,-0.00426,0.00047,-0.34263,1.16486,-0.97431,-0.00085
141307000000,7.06710,20.47773,-0.67480,0.93950,-0.00423,0.00046,-0.34252,1.14754,-0.96194,0.00312
141340000000,7.10552,20.44571,-0.67486,0.93946,-0.00426,0.00039,-0.34263,1.16439,-0.97026,-0.00183
141406000000,7.17749,20.38315,-0.67363,0.93945,-0.00414,0.00057,-0.34265,1.09051,-0.94789,0.01852
141472000000,7.25322,20.31911,-0.67370,0.93953,-0.00407,0.00050,-0.34245,1.14738,-0.97044,-0.00108
141505000000,7.29126,20.28722,-0.67362,0.93954,-0.00408,0.00053,-0.34241,1.15266,-0.96627,0.00266
141604000000,7.40557,20.19164,-0.67363,0.93959,-0.00410,0.00044,-0.34227,1.15470,-0.96539,-0.00017
141670000000,7.48151,20.12415,-0.67370,0.93964,-0.00369,0.00027,-0.34215,1.15048,-1.02263,-0.00101
141736000000,7.55805,20.06020,-0.67424,0.93968,-0.00380,0.00020,-0.34204,1.15983,-0.96893,-0.00819
141769000000,7.59600,20.02877,-0.67380,0.93964,-0.00380,0.00025,-0.34213,1.14997,-0.95240,0.01351
141802000000,7.63393,19.99682,-0.67378,0.93968,-0.00383,0.00023,-0.34205,1.14921,-0.96812,0.00036
141868000000,7.70978,19.93484,-0.67350,0.93970,-0.00377,0.00023,-0.34199,1.14929,-0.93922,0.00426
141934000000,7.78589,19.87145,-0.67302,0.93968,-0.00385,0.00036,-0.34202,1.15326,-0.96035,0.00733
142000000000,7.86160,19.80782,-0.67316,0.93973,-0.00389,0.00030,-0.34191,1.14708,-0.96411,-0.00207
142066000000,7.93717,19.74443,-0.67320,0.93974,-0.00380,0.00017,-0.34188,1.14502,-0.96044,-0.00060
142099000000,7.97444,19.71176,-0.67290,0.93978,-0.00403,0.00033,-0.34175,1.12928,-0.99015,0.00884
142165000000,8.05096,19.64825,-0.67312,0.93979,-0.00395,0.00024,-0.34174,1.15937,-0.96220,-0.00328
142231000000,8.12699,19.58446,-0.67293,0.93979,-0.00397,0.00019,-0.34173,1.15192,-0.96653,0.00294
142297000000,8.20379,19.52163,-0.67257,0.93975,-0.00402,0.00036,-0.34185,1.16370,-0.95197,0.00545
142330000000,8.23859,19.48960,-0.67340,0.93991,-0.00364,-0.00001,-0.34141,1.05445,-0.97078,-0.02529
142363000000,8.27647,19.45795,-0.67281,0.93990,-0.00365,0.00015,-0.34144,1.14791,-0.95905,0.01776
142429000000,8.35322,19.39543,-0.67240,0.93979,-0.00374,0.00016,-0.34173,1.16288,-0.94729,0.00625
142495000000,8.43001,19.33361,-0.67186,0.93956,-0.00376,0.00025,-0.34237,1.16351,-0.93665,0.00829
142528000000,8.46670,19.30166,-0.67008,0.93961,-0.00396,0.00044,-0.34222,1.11198,-0.96807,0.05365
142561000000,8.50504,19.27080,-0.66999,0.93948,-0.00395,0.00040,-0.34259,1.16169,-0.93524,0.00301
142594000000,8.54302,19.23945,-0.66981,0.93950,-0.00408,0.00049,-0.34254,1.15100,-0.94992,0.00531
142660000000,8.61674,19.17797,-0.67006,0.93947,-0.00398,0.00054,-0.34261,1.11694,-0.93145,-0.00383
142726000000,8.69291,19.11331,-0.67057,0.93956,-0.00398,0.00037,-0.34235,1.15410,-0.97974,-0.00775
142759000000,8.73004,19.08096,-0.67054,0.93961,-0.00381,0.00037,-0.34222,1.12505,-0.98026,0.00115
142825000000,8.80892,19.01734,-0.67089,0.93951,-0.00397,0.00027,-0.34250,1.19521,-0.96399,-0.00535
142858000000,8.84666,18.98612,-0.67117,0.93940,-0.00393,0.00020,-0.34280,1.14369,-0.94593,-0.00856
142924000000,8.92213,18.92202,-0.67128,0.93953,-0.00407,0.00019,-0.34245,1.14341,-0.97130,-0.00171
142957000000,8.95959,18.88972,-0.67134,0.93959,-0.00400,0.00006,-0.34228,1.13502,-0.97887,-0.00174
142990000000,8.99615,18.85867,-0.67156,0.93954,-0.00416,0.00024,-0.34241,1.10794,-0.94067,-0.00668
143056000000,9.07161,18.79506,-0.67186,0.93953,-0.00421,0.00001,-0.34244,1.14343,-0.96376,-0.00447
143089000000,9.10927,18.76284,-0.67172,0.93959,-0.00420,0.00005,-0.34229,1.14106,-0.97639,0.00418
143122000000,9.15132,18.72583,-0.67136,0.93977,-0.00414,-0.00002,-0.34179,1.27440,-1.12152,0.01097
143188000000,9.22682,18.66183,-0.67178,0.93993,-0.00408,-0.00012,-0.34135,1.14385,-0.96974,-0.00636
143254000000,9.30341,18.59906,-0.67185,0.94034,-0.00412,-0.00019,-0.34020,1.16051,-0.95102,-0.00117
143287000000,9.34134,18.56799,-0.67118,0.94089,-0.00397,-0.00004,-0.33869,1.14924,-0.94159,0.02059
143386000000,9.45712,18.47529,-0.67125,0.94332,-0.00386,-0.00025,-0.33187,1.16959,-0.93639,-0.00079
143419000000,9.49684,18.44585,-0.67078,0.94438,-0.00373,-0.00000,-0.32883,1.20336,-0.89195,0.01435
143452000000,9.53667,18.41806,-0.67069,0.94552,-0.00364,-0.00002,-0.32554,1.20715,-0.84235,0.00271
143485000000,9.57712,18.39009,-0.67080,0.94705,-0.00374,-0.00001,-0.32106,1.22573,-0.84750,-0.00325
143518000000,9.61791,18.36275,-0.67098,0.94867,-0.00383,-0.00002,-0.31625,1.23611,-0.82837,-0.00567
143584000000,9.70489,18.30793,-0.67207,0.95250,-0.00340,-0.00013,-0.30451,1.31783,-0.83059,-0.01649
143650000000,9.78985,18.26058,-0.67182,0.95680,-0.00332,-0.00010,-0.29071,1.28723,-0.71748,0.00377
143683000000,9.83328,18.23880,-0.67139,0.95920,-0.00337,0.00009,-0.28271,1.31622,-0.66000,0.01329
143716000000,9.87707,18.21822,-0.67149,0.96171,-0.00337,0.00009,-0.27406,1.32705,-0.62376,-0.00311
143782000000,9.96530,18.18080,-0.67175,0.96715,-0.00344,0.00016,-0.25419,1.33681,-0.56694,-0.00403
143815000000,10.01036,18.16429,-0.67170,0.96976,-0.00336,0.00017,-0.24405,1.36531,-0.50013,0.00173
143881000000,10.10324,18.13529,-0.67176,0.97449,-0.00340,0.00026,-0.22439,1.40725,-0.43941,-0.00089
143947000000,10.19852,18.11119,-0.67185,0.97866,-0.00357,0.00027,-0.20548,1.44363,-0.36523,-0.00145
143980000000,10.24760,18.10120,-0.67252,0.98050,-0.00360,0.00006,-0.19649,1.48739,-0.30263,-0.02020
144046000000,10.34640,18.08201,-0.67268,0.98386,-0.00377,0.00018,-0.17892,1.49701,-0.29078,-0.00244
144079000000,10.39664,18.07313,-0.67271,0.98534,-0.00368,0.00026,-0.17055,1.52247,-0.26917,-0.00111
144112000000,10.44678,18.06409,-0.67263,0.98662,-0.00360,0.00030,-0.16302,1.51912,-0.27391,0.00256
144178000000,10.54583,18.04991,-0.67229,0.98883,-0.00371,0.00042,-0.14903,1.50090,-0.21484,0.00518
144244000000,10.63741,18.04088,-0.67374,0.99079,-0.00344,0.00019,-0.13538,1.38744,-0.13675,-0.02200
144310000000,10.73457,18.03002,-0.67355,0.99252,-0.00340,0.00040,-0.12207,1.47220,-0.16455,0.00295
144343000000,10.78341,18.02564,-0.67377,0.99328,-0.00337,0.00030,-0.11565,1.48002,-0.13271,-0.00672
144376000000,10.83193,18.02195,-0.67418,0.99399,-0.00338,0.00026,-0.10942,1.47028,-0.11178,-0.01253
144442000000,10.93666,18.00857,-0.67443,0.99521,-0.00331,0.00055,-0.09770,1.58674,-0.20284,-0.00383
144475000000,10.98442,18.00533,-0.67426,0.99575,-0.00316,0.00065,-0.09206,1.44727,-0.09797,0.00525
144541000000,11.08052,18.00098,-0.67427,0.99668,-0.00322,0.00075,-0.08137,1.45609,-0.06595,-0.00020
144574000000,11.12573,18.00044,-0.67458,0.99708,-0.00317,0.00106,-0.07635,1.37017,-0.01636,-0.00926
144607000000,11.17431,17.99844,-0.67493,0.99745,-0.00306,0.00103,-0.07135,1.47192,-0.06063,-0.01060
144640000000,11.22258,17.99713,-0.67504,0.99777,-0.00311,0.00101,-0.06662,1.46291,-0.03977,-0.00351
144706000000,11.31790,17.99546,-0.67518,0.99833,-0.00294,0.00103,-0.05767,1.44424,-0.02526,-0.00202
144739000000,11.36617,17.98590,-0.67529,0.99874,-0.00288,0.00102,-0.05001,1.46253,-0.28957,-0.00337
144772000000,11.41420,17.98290,-0.67539,0.99898,-0.00276,0.00108,-0.04505,1.45568,-0.09103,-0.00301
144838000000,11.51072,17.98300,-0.67633,0.99931,-0.00280,0.00093,-0.03702,1.46237,0.00147,-0.01421
144871000000,11.56027,17.98339,-0.67622,0.99944,-0.00329,0.00117,-0.03333,1.50146,0.01191,0.00326
144937000000,11.65697,17.98531,-0.67702,0.99966,-0.00344,0.00108,-0.02590,1.46516,0.02904,-0.01211
145003000000,11.75285,17.98827,-0.67731,0.99981,-0.00347,0.00103,-0.01924,1.45273,0.04488,-0.00447
145036000000,11.79812,17.98571,-0.67626,0.99987,-0.00301,0.00132,-0.01562,1.37187,-0.07762,0.03177
145069000000,11.84618,17.98746,-0.67639,0.99992,-0.00306,0.00138,-0.01238,1.45632,0.05312,-0.00371
145102000000,11.89542,17.98935,-0.67578,0.99995,-0.00301,0.00168,-0.00932,1.49215,0.05728,0.01852
145168000000,11.99530,17.99784,-0.67761,0.99997,-0.00362,0.00094,-0.00643,1.51334,0.12866,-0.02782
145201000000,12.04410,17.99967,-0.67782,0.99999,-0.00361,0.00095,-0.00344,1.47892,0.05549,-0.00631
145234000000,12.09303,18.00240,-0.67803,0.99999,-0.00359,0.00095,-0.00090,1.48247,0.08259,-0.00643
145267000000,12.14141,18.00461,-0.67798,0.99999,-0.00358,0.00101,0.00184,1.46606,0.06693,0.00145
145300000000,12.18719,18.00649,-0.67854,0.99998,-0.00322,0.00076,0.00502,1.38725,0.05699,-0.01673
145333000000,12.23548,18.00983,-0.67847,0.99997,-0.00315,0.00085,0.00726,1.46351,0.10132,0.00211
145399000000,12.33187,18.01684,-0.67831,0.99993,-0.00329,0.00090,0.01165,1.46048,0.10623,0.00241
145432000000,12.37944,18.01990,-0.67842,0.99990,-0.00325,0.00090,0.01357,1.44135,0.09265,-0.00324
145498000000,12.47438,18.02669,-0.67833,0.99986,-0.00328,0.00102,0.01666,1.43849,0.10285,0.00121
145564000000,12.57053,18.03424,-0.67896,0.99984,-0.00297,0.00107,0.01733,1.45678,0.11435,-0.00954
145597000000,12.61570,18.03545,-0.67875,0.99983,-0.00285,0.00101,0.01800,1.36887,0.03664,0.00640
145630000000,12.66134,18.03677,-0.67904,0.99983,-0.00274,0.00097,0.01818,1.38309,0.04011,-0.00882
145663000000,12.70667,18.03794,-0.67899,0.99983,-0.00276,0.00095,0.01807,1.37367,0.03560,0.00160
145696000000,12.75036,18.03999,-0.67857,0.99985,-0.00224,0.00144,0.01732,1.32399,0.06208,0.01277
145729000000,12.79510,18.04097,-0.67879,0.99987,-0.00211,0.00140,0.01589,1.35558,0.02965,-0.00678
145762000000,12.83955,18.04109,-0.67895,0.99989,-0.00215,0.00142,0.01438,1.34699,0.00370,-0.00488
145828000000,12.92619,18.03886,-0.67944,0.99995,-0.00203,0.00137,0.01000,1.31272,-0.03384,-0.00737
145861000000,12.96940,18.03721,-0.67942,0.99997,-0.00207,0.00145,0.00696,1.30939,-0.05000,0.00051
145894000000,13.01228,18.03391,-0.67964,0.99999,-0.00206,0.00139,0.00400,1.29954,-0.09999,-0.00642
145927000000,13.05527,18.04341,-0.67851,0.99998,-0.00137,0.00202,-0.00555,1.30266,0.28795,0.03414
145960000000,13.09627,18.03813,-0.67869,0.99995,-0.00140,0.00192,-0.00929,1.24258,-0.16010,-0.00558
145993000000,13.13726,18.03205,-0.67897,0.99990,-0.00139,0.00183,-0.01359,1.24200,-0.18420,-0.00852
146026000000,13.17801,18.02503,-0.67949,0.99983,-0.00136,0.00174,-0.01827,1.23472,-0.21281,-0.01572
146059000000,13.21833,18.01703,-0.67975,0.99972,-0.00123,0.00170,-0.02344,1.22206,-0.24223,-0.00790
146092000000,13.25779,18.00884,-0.67983,0.99957,-0.00131,0.00173,-0.02932,1.19565,-0.24824,-0.00217
146158000000,13.33255,17.98759,-0.68043,0.99907,-0.00134,0.00122,-0.04315,1.13273,-0.32202,-0.00922
146191000000,13.37104,17.97620,-0.68061,0.99870,-0.00120,0.00121,-0.05090,1.16643,-0.34506,-0.00532
146257000000,13.44545,17.94883,-0.68084,0.99771,-0.00116,0.00112,-0.06760,1.12742,-0.41467,-0.00348
146290000000,13.48260,17.93329,-0.68084,0.99704,-0.00118,0.00118,-0.07689,1.12577,-0.47112,0.00009
146356000000,13.55230,17.89586,-0.68020,0.99542,-0.00124,0.00170,-0.09561,1.05606,-0.56709,0.00957
146389000000,13.58739,17.87615,-0.68036,0.99429,-0.00121,0.00170,-0.10672,1.06314,-0.59712,-0.00461
146422000000,13.62303,17.85435,-0.68046,0.99300,-0.00123,0.00163,-0.11812,1.08002,-0.66075,-0.00308
146455000000,13.65834,17.83132,-0.68068,0.99145,-0.00122,0.00158,-0.13046,1.07002,-0.69780,-0.00656
146488000000,13.69348,17.80710,-0.68079,0.98964,-0.00130,0.00158,-0.14355,1.06497,-0.73387,-0.00334
146521000000,13.72809,17.78067,-0.68103,0.98756,-0.00134,0.00151,-0.15725,1.04881,-0.80103,-0.00737
146554000000,13.76400,17.75377,-0.68271,0.98506,-0.00080,0.00135,-0.17222,1.08814,-0.81525,-0.05105
146587000000,13.79839,17.72270,-0.68293,0.98224,-0.00091,0.00129,-0.18760,1.04196,-0.94136,-0.00653
146620000000,13.83109,17.68989,-0.68281,0.97897,-0.00087,0.00124,-0.20401,0.99090,-0.99431,0.00357
146653000000,13.86369,17.65450,-0.68287,0.97514,-0.00081,0.00124,-0.22157,0.98809,-1.07228,-0.00192
146686000000,13.90038,17.61570,-0.68288,0.97088,-0.00213,0.00074,-0.23955,1.11158,-1.17602,-0.00022
146719000000,13.93153,17.57477,-0.68291,0.96562,-0.00213,0.00060,-0.25994,0.94402,-1.24012,-0.00081
146785000000,13.98997,17.48444,-0.68264,0.95233,-0.00224,0.00047,-0.30506,0.88546,-1.36872,0.00404
146818000000,14.01267,17.43506,-0.68156,0.94493,-0.00274,-0.00001,-0.32725,0.68783,-1.49623,0.03284
146884000000,14.05551,17.33628,-0.68127,0.92784,-0.00283,-0.00020,-0.37297,0.64918,-1.49663,0.00429
146917000000,14.07223,17.28572,-0.68063,0.91862,-0.00277,-0.00008,-0.39513,0.50652,-1.53229,0.01965
146983000000,14.09867,17.18281,-0.68034,0.89918,-0.00284,-0.00023,-0.43757,0.40064,-1.55926,0.00437
147016000000,14.10822,17.13060,-0.67994,0.88885,-0.00271,-0.00034,-0.45818,0.28925,-1.58194,0.01205
147082000000,14.11847,17.02415,-0.67933,0.86848,-0.00211,-0.00089,-0.49572,0.15539,-1.61292,0.00931
147115000000,14.12245,16.97140,-0.67935,0.85822,-0.00213,-0.00100,-0.51327,0.12048,-1.59859,-0.00062
147148000000,14.12578,16.91951,-0.67887,0.84803,-0.00215,-0.00095,-0.52994,0.10100,-1.57218,0.01436
147214000000,14.12448,16.81200,-0.67844,0.82721,-0.00278,-0.00111,-0.56188,-0.01965,-1.62905,0.00660
147247000000,14.12211,16.75822,-0.67807,0.81700,-0.00275,-0.00114,-0.57664,-0.07202,-1.62945,0.01097
147280000000,14.11852,16.70473,-0.67765,0.80675,-0.00265,-0.00121,-0.59089,-0.10875,-1.62107,0.01285
147313000000,14.11634,16.65067,-0.67735,0.79633,-0.00255,-0.00130,-0.60485,-0.06609,-1.63818,0.00923
147379000000,14.10118,16.54365,-0.67669,0.77567,-0.00258,-0.00143,-0.63113,-0.22971,-1.62151,0.00987
147412000000,14.09122,16.49004,-0.67643,0.76535,-0.00261,-0.00145,-0.64361,-0.30162,-1.62448,0.00805
147478000000,14.06830,16.38351,-0.67593,0.74433,-0.00250,-0.00165,-0.66781,-0.34737,-1.61408,0.00756
147511000000,14.05667,16.32689,-0.67684,0.73362,-0.00241,-0.00188,-0.67955,-0.35217,-1.71586,-0.02756
147544000000,14.04260,16.27475,-0.67659,0.72309,-0.00250,-0.00190,-0.69075,-0.42652,-1.57992,0.00744
147610000000,14.01079,16.17125,-0.67639,0.70246,-0.00258,-0.00209,-0.71171,-0.48202,-1.56825,0.00308
147643000000,13.99309,16.11984,-0.67570,0.69249,-0.00243,-0.00204,-0.72142,-0.53617,-1.55773,0.02103
147676000000,13.97618,16.07121,-0.67560,0.68276,-0.00192,-0.00212,-0.73064,-0.51238,-1.47369,0.00277
147742000000,13.94002,15.96986,-0.67489,0.66582,-0.00193,-0.00210,-0.74611,-0.54787,-1.53566,0.01082
147775000000,13.92117,15.91958,-0.67444,0.65845,-0.00180,-0.00217,-0.75262,-0.57131,-1.52362,0.01373
147808000000,13.90282,15.86925,-0.67401,0.65191,-0.00174,-0.00218,-0.75829,-0.55605,-1.52521,0.01304
147841000000,13.89164,15.82183,-0.67473,0.64557,-0.00305,-0.00196,-0.76369,-0.33879,-1.43693,-0.02198
147874000000,13.87425,15.77135,-0.67428,0.64054,-0.00293,-0.00207,-0.76792,-0.52701,-1.52964,0.01357
147907000000,13.85740,15.72094,-0.67408,0.63660,-0.00302,-0.00215,-0.77119,-0.51056,-1.52744,0.00634
147940000000,13.84101,15.67082,-0.67369,0.63334,-0.00297,-0.00210,-0.77386,-0.49686,-1.51900,0.01165
148006000000,13.80946,15.56871,-0.67205,0.62880,-0.00343,-0.00193,-0.77756,-0.47796,-1.54703,0.02490
148039000000,13.79597,15.51830,-0.67170,0.62826,-0.00338,-0.00199,-0.77799,-0.40892,-1.52773,0.01060
148105000000,13.77309,15.41573,-0.67124,0.62957,-0.00341,-0.00209,-0.77693,-0.34653,-1.55410,0.00697
148171000000,13.75163,15.31398,-0.66586,0.63461,-0.00428,-0.00153,-0.77282,-0.32525,-1.54167,0.08154
148204000000,13.74582,15.26176,-0.66559,0.63812,-0.00424,-0.00160,-0.76992,-0.17585,-1.58229,0.00792
148237000000,13.74158,15.20910,-0.66545,0.64257,-0.00445,-0.00157,-0.76621,-0.12866,-1.59582,0.00432
148270000000,13.74189,15.15749,-0.66429,0.64733,-0.00510,-0.00113,-0.76220,0.00936,-1.56382,0.03522
148336000000,13.74210,15.04998,-0.66323,0.65966,-0.00494,-0.00115,-0.75155,0.00319,-1.62902,0.01612
148402000000,13.75024,14.94044,-0.66262,0.67432,-0.00502,-0.00103,-0.73842,0.12340,-1.65965,0.00923
148435000000,13.75813,14.88507,-0.66200,0.68230,-0.00500,-0.00089,-0.73106,0.23897,-1.67777,0.01874
148468000000,13.76816,14.82736,-0.66137,0.69075,-0.00514,-0.00039,-0.72308,0.30408,-1.74898,0.01900
148501000000,13.77948,14.77064,-0.66114,0.70025,-0.00513,-0.00037,-0.71388,0.34298,-1.71867,0.00689
148534000000,13.79494,14.71377,-0.66114,0.71018,-0.00517,-0.00039,-0.70401,0.46846,-1.72349,-0.00002
148567000000,13.81358,14.65684,-0.66093,0.72087,-0.00523,-0.00032,-0.69305,0.56469,-1.72511,0.00663
148600000000,13.83337,14.59954,-0.65899,0.73227,-0.00512,-0.00009,-0.68099,0.59975,-1.73627,0.05852
148633000000,13.85546,14.54544,-0.65876,0.74398,-0.00510,-0.00004,-0.66818,0.66962,-1.63937,0.00713
148666000000,13.88025,14.49290,-0.65844,0.75586,-0.00497,-0.00005,-0.65471,0.75098,-1.59203,0.00958
148699000000,13.90974,14.44214,-0.66079,0.76731,-0.00505,-0.00022,-0.64126,0.89374,-1.53831,-0.07098
148732000000,13.93814,14.39370,-0.66062,0.77902,-0.00509,-0.00013,-0.62698,0.86065,-1.46799,0.00513
148798000000,14.00083,14.30102,-0.66028,0.80135,-0.00511,0.00015,-0.59817,0.94980,-1.40414,0.00503
148864000000,14.06862,14.21485,-0.66016,0.82207,-0.00503,0.00025,-0.56936,1.02712,-1.30568,0.00182
148930000000,14.14220,14.13452,-0.65921,0.84043,-0.00507,0.00025,-0.54190,1.11489,-1.21713,0.01442
148996000000,14.21313,14.05733,-0.65894,0.85492,-0.00503,0.00038,-0.51874,1.07463,-1.16951,0.00413
149029000000,14.24596,14.01187,-0.65970,0.86107,-0.00514,0.00034,-0.50846,0.99494,-1.37754,-0.02310
149062000000,14.28083,13.97464,-0.65951,0.86633,-0.00510,0.00030,-0.49945,1.05676,-1.12828,0.00587
149095000000,14.31555,13.93762,-0.65953,0.87128,-0.00513,0.00027,-0.49077,1.05193,-1.12178,-0.00076
149128000000,14.35105,13.90147,-0.65932,0.87575,-0.00509,0.00029,-0.48274,1.07589,-1.09534,0.00634
149161000000,14.38344,13.86871,-0.65585,0.87988,-0.00479,0.00070,-0.47517,0.98145,-0.99272,0.10515
149194000000,14.41912,13.83332,-0.65589,0.88356,-0.00476,0.00063,-0.46830,1.08118,-1.07254,-0.00099
149227000000,14.45463,13.79711,-0.65598,0.88706,-0.00479,0.00063,-0.46162,1.07603,-1.09716,-0.00284
149260000000,14.49029,13.76235,-0.65592,0.88993,-0.00476,0.00066,-0.45608,1.08072,-1.05343,0.00184
149326000000,14.56608,13.69295,-0.65654,0.89382,-0.00489,0.00096,-0.44839,1.14833,-1.05147,-0.00939
149392000000,14.63676,13.62309,-0.65750,0.89696,-0.00501,0.00078,-0.44208,1.07088,-1.05854,-0.01447
149425000000,14.67194,13.58817,-0.65800,0.89798,-0.00521,0.00064,-0.44001,1.06624,-1.05829,-0.01528
149458000000,14.70583,13.55437,-0.65807,0.89879,-0.00496,0.00066,-0.43834,1.02673,-1.02419,-0.00212
149491000000,14.73990,13.51807,-0.65839,0.90020,-0.00497,0.00055,-0.43545,1.03268,-1.10008,-0.00986
149524000000,14.77552,13.48312,-0.65864,0.90151,-0.00499,0.00058,-0.43274,1.07918,-1.05884,-0.00733
149557000000,14.81194,13.44705,-0.65847,0.90300,-0.00451,-0.00027,-0.42961,1.10363,-1.09311,0.00513
149590000000,14.84725,13.41266,-0.65849,0.90448,-0.00454,-0.00038,-0.42648,1.06996,-1.04228,-0.00056
149689000000,14.95392,13.30698,-0.65831,0.90916,-0.00454,-0.00030,-0.41643,1.07749,-1.06742,0.00177
149755000000,15.02529,13.23782,-0.65758,0.91186,-0.00438,-0.00028,-0.41047,1.08141,-1.04784,0.01106
149788000000,15.06171,13.20357,-0.65768,0.91307,-0.00435,-0.00027,-0.40779,1.10369,-1.03789,-0.00285
149854000000,15.13446,13.13841,-0.65587,0.91451,-0.00444,-0.00021,-0.40453,1.10226,-0.98737,0.02728
149887000000,15.16864,13.10208,-0.65621,0.91553,-0.00455,-0.00036,-0.40223,1.03566,-1.10074,-0.01012
149920000000,15.20362,13.06704,-0.65622,0.91601,-0.00465,-0.00039,-0.40114,1.06020,-1.06187,-0.00039
149953000000,15.23590,13.03305,-0.65407,0.91623,-0.00457,-0.00083,-0.40064,0.97798,-1.03003,0.06508
150019000000,15.30437,12.96249,-0.65366,0.91605,-0.00447,-0.00091,-0.40103,1.03744,-1.06904,0.00621
150052000000,15.33807,12.92637,-0.65336,0.91569,-0.00439,-0.00090,-0.40187,1.02130,-1.09476,0.00932
150085000000,15.37128,12.89025,-0.65318,0.91491,-0.00453,-0.00091,-0.40363,1.00627,-1.09441,0.00544
150118000000,15.40397,12.85359,-0.65249,0.91384,-0.00447,-0.00092,-0.40604,0.99067,-1.11091,0.02083
150184000000,15.46722,12.77992,-0.65167,0.91063,-0.00441,-0.00093,-0.41321,0.95831,-1.11615,0.01235
150217000000,15.49768,12.74263,-0.65125,0.90855,-0.00437,-0.00098,-0.41776,0.92295,-1.13008,0.01293
150283000000,15.55646,12.67280,-0.64851,0.90273,-0.00404,-0.00064,-0.43019,0.89070,-1.05810,0.04144
150316000000,15.58342,12.63272,-0.64813,0.89962,-0.00376,-0.00073,-0.43666,0.81698,-1.21452,0.01176
150382000000,15.63452,12.55144,-0.64732,0.89198,-0.00385,-0.00069,-0.45206,0.77422,-1.23144,0.01223
150448000000,15.67978,12.46824,-0.64637,0.88259,-0.00381,-0.00058,-0.47012,0.68578,-1.26064,0.01441
150481000000,15.69994,12.42480,-0.64618,0.87724,-0.00366,-0.00072,-0.48004,0.61084,-1.31639,0.00561
150580000000,15.74967,12.29258,-0.64548,0.85869,-0.00364,-0.00089,-0.51248,0.50235,-1.33557,0.00709
150613000000,15.76309,12.24796,-0.64523,0.85225,-0.00365,-0.00093,-0.52312,0.40661,-1.35219,0.00744
150646000000,15.77405,12.20093,-0.64694,0.84623,-0.00342,-0.00149,-0.53280,0.33202,-1.42496,-0.05168
150679000000,15.78434,12.15502,-0.64665,0.83988,-0.00349,-0.00154,-0.54276,0.31200,-1.39118,0.00886
150745000000,15.80174,12.06110,-0.64610,0.82706,-0.00344,-0.00166,-0.56210,0.26360,-1.42316,0.00835
150778000000,15.80837,12.01268,-0.64603,0.82069,-0.00342,-0.00176,-0.57137,0.20082,-1.46724,0.00215
150811000000,15.81441,11.96424,-0.64572,0.81439,-0.00349,-0.00172,-0.58031,0.18311,-1.46773,0.00929
150844000000,15.81853,11.91589,-0.64558,0.80813,-0.00356,-0.00187,-0.58900,0.12470,-1.46525,0.00423
150877000000,15.82242,11.86590,-0.64561,0.80194,-0.00363,-0.00193,-0.59740,0.11785,-1.51467,-0.00079
150943000000,15.82992,11.76614,-0.64497,0.79109,-0.00353,-0.00205,-0.61169,0.11366,-1.51150,0.00970
151009000000,15.83830,11.66969,-0.64244,0.78232,-0.00336,-0.00174,-0.62287,0.12697,-1.46142,0.03819
151042000000,15.84185,11.61897,-0.64220,0.77849,-0.00336,-0.00180,-0.62764,0.10753,-1.53701,0.00743
151075000000,15.84541,11.56792,-0.64192,0.77469,-0.00339,-0.00181,-0.63233,0.10808,-1.54698,0.00849
151108000000,15.85152,11.51627,-0.64079,0.77096,-0.00353,-0.00177,-0.63687,0.18493,-1.56501,0.03414
151141000000,15.85301,11.46494,-0.64069,0.76750,-0.00351,-0.00185,-0.64104,0.04523,-1.55544,0.00319
151207000000,15.85690,11.36227,-0.64003,0.76050,-0.00352,-0.00189,-0.64933,0.05893,-1.55563,0.00989
151240000000,15.85884,11.31068,-0.63954,0.75710,-0.00339,-0.00186,-0.65328,0.05878,-1.56356,0.01511
151306000000,15.85966,11.20759,-0.63832,0.75074,-0.00318,-0.00214,-0.66059,0.01251,-1.56197,0.01848
151339000000,15.85991,11.15612,-0.63783,0.74770,-0.00316,-0.00218,-0.66403,0.00743,-1.55969,0.01468
151372000000,15.85983,11.10463,-0.63732,0.74470,-0.00311,-0.00218,-0.66739,-0.00249,-1.56007,0.01545
151438000000,15.85989,11.00193,-0.63622,0.73908,-0.00295,-0.00229,-0.67361,0.00103,-1.55612,0.01667
151471000000,15.86067,10.95016,-0.63561,0.73635,-0.00296,-0.00222,-0.67659,0.02338,-1.56868,0.01844
151537000000,15.85995,10.84376,-0.63645,0.73193,-0.00319,-0.00239,-0.68137,-0.01078,-1.61222,-0.01260
151570000000,15.85957,10.79072,-0.63585,0.73006,-0.00307,-0.00236,-0.68337,-0.01159,-1.60729,0.01807
151603000000,15.85891,10.73890,-0.63510,0.72830,-0.00304,-0.00227,-0.68525,-0.02008,-1.57004,0.02257
151636000000,15.85888,10.68726,-0.63498,0.72643,-0.00301,-0.00241,-0.68723,-0.00101,-1.56501,0.00389
151669000000,15.85820,10.63666,-0.63450,0.72485,-0.00288,-0.00246,-0.68890,-0.02043,-1.53336,0.01434
151735000000,15.85735,10.53551,-0.63363,0.72133,-0.00283,-0.00239,-0.69259,-0.01296,-1.53260,0.01329
151768000000,15.85609,10.48458,-0.63356,0.71981,-0.00291,-0.00251,-0.69416,-0.03803,-1.54319,0.00196
151834000000,15.85051,10.38753,-0.63212,0.71690,-0.00312,-0.00239,-0.69717,-0.08454,-1.47051,0.02178
151867000000,15.84868,10.33844,-0.63167,0.71507,-0.00316,-0.00232,-0.69904,-0.05560,-1.48744,0.01369
151900000000,15.84541,10.28890,-0.63153,0.71252,-0.00317,-0.00242,-0.70164,-0.09898,-1.50131,0.00415
151933000000,15.84398,10.23716,-0.63056,0.70931,-0.00247,-0.00265,-0.70489,-0.04320,-1.56790,0.02948
151999000000,15.83448,10.14173,-0.63004,0.70364,-0.00251,-0.00278,-0.71055,-0.14396,-1.44591,0.00789
152032000000,15.82886,10.09395,-0.62964,0.70068,-0.00262,-0.00279,-0.71346,-0.17027,-1.44774,0.01202
152065000000,15.82368,10.04639,-0.62944,0.69749,-0.00265,-0.00280,-0.71658,-0.15704,-1.44144,0.00626
152131000000,15.81043,9.95139,-0.62872,0.69123,-0.00262,-0.00278,-0.72263,-0.20082,-1.43930,0.01081
152197000000,15.79709,9.85822,-0.62690,0.68408,-0.00281,-0.00246,-0.72940,-0.20206,-1.41164,0.02762
152230000000,15.78956,9.80853,-0.62653,0.68175,-0.00282,-0.00250,-0.73158,-0.22810,-1.50588,0.01112
152296000000,15.77405,9.70849,-0.62558,0.67705,-0.00279,-0.00236,-0.73592,-0.23502,-1.51576,0.01452
152329000000,15.76637,9.65861,-0.62505,0.67455,-0.00266,-0.00243,-0.73822,-0.23284,-1.51163,0.01604
152395000000,15.74975,9.55531,-0.62745,0.67023,-0.00234,-0.00281,-0.74215,-0.25180,-1.56510,-0.03637
152428000000,15.74068,9.50594,-0.62654,0.66834,-0.00228,-0.00265,-0.74384,-0.27489,-1.49600,0.02761
152461000000,15.73141,9.45639,-0.62608,0.66643,-0.00222,-0.00266,-0.74556,-0.28078,-1.50146,0.01393
152494000000,15.72205,9.40650,-0.62582,0.66456,-0.00222,-0.00272,-0.74723,-0.28379,-1.51204,0.00773
152560000000,15.70868,9.30851,-0.62368,0.66116,-0.00225,-0.00267,-0.75023,-0.20258,-1.48465,0.03247
152626000000,15.69020,9.20930,-0.62339,0.65756,-0.00220,-0.00282,-0.75339,-0.28000,-1.50314,0.00432
152659000000,15.68079,9.15952,-0.62307,0.65582,-0.00224,-0.00285,-0.75491,-0.28489,-1.50868,0.00966
152758000000,15.65192,9.01059,-0.62216,0.65104,-0.00219,-0.00277,-0.75904,-0.29162,-1.50430,0.00927
152824000000,15.63120,8.91264,-0.62145,0.64837,-0.00207,-0.00301,-0.76131,-0.31403,-1.48412,0.01063
152857000000,15.61945,8.86262,-0.62217,0.64657,-0.00226,-0.00305,-0.76285,-0.35595,-1.51562,-0.02167
152890000000,15.60902,8.81296,-0.62181,0.64509,-0.00215,-0.00307,-0.76409,-0.31604,-1.50478,0.01093
152923000000,15.59772,8.76415,-0.62178,0.64399,-0.00218,-0.00314,-0.76502,-0.34248,-1.47924,0.00098
152956000000,15.58729,8.71515,-0.62170,0.64271,-0.00222,-0.00318,-0.76610,-0.31622,-1.48470,0.00241
152989000000,15.57852,8.66851,-0.62351,0.64144,-0.00286,-0.00348,-0.76716,-0.26570,-1.41352,-0.05502
153055000000,15.55698,8.57125,-0.62248,0.63894,-0.00277,-0.00349,-0.76924,-0.32629,-1.47367,0.01566
153088000000,15.54566,8.52402,-0.62136,0.63747,-0.00257,-0.00341,-0.77046,-0.34303,-1.43100,0.03401
153154000000,15.52398,8.42781,-0.62059,0.63568,-0.00261,-0.00337,-0.77194,-0.32857,-1.45782,0.01170
153187000000,15.51308,8.37914,-0.62013,0.63457,-0.00264,-0.00332,-0.77285,-0.33017,-1.47461,0.01386
153220000000,15.50078,8.33109,-0.61940,0.63380,-0.00244,-0.00307,-0.77348,-0.37271,-1.45615,0.02192
153286000000,15.47906,8.23380,-0.61848,0.63167,-0.00245,-0.00296,-0.77523,-0.32915,-1.47406,0.01408
153352000000,15.45704,8.13849,-0.61762,0.63021,-0.00246,-0.00289,-0.77641,-0.33361,-1.44420,0.01299
153385000000,15.44532,8.09202,-0.61659,0.62970,-0.00228,-0.00281,-0.77683,-0.35511,-1.40794,0.03126
153418000000,15.43474,8.04426,-0.61602,0.62871,-0.00224,-0.00273,-0.77763,-0.32052,-1.44733,0.01716
153484000000,15.41287,7.94891,-0.61517,0.62722,-0.00225,-0.00268,-0.77883,-0.33142,-1.44481,0.01285
153517000000,15.40102,7.90120,-0.61477,0.62673,-0.00227,-0.00261,-0.77923,-0.35896,-1.44548,0.01228
153550000000,15.38950,7.85346,-0.61459,0.62608,-0.00230,-0.00271,-0.77975,-0.34928,-1.44681,0.00521
153583000000,15.37651,7.80306,-0.61512,0.62636,-0.00249,-0.00302,-0.77953,-0.39361,-1.52721,-0.01584
153649000000,15.35312,7.70688,-0.61474,0.62518,-0.00261,-0.00309,-0.78047,-0.35438,-1.45734,0.00571
153682000000,15.34130,7.65874,-0.61396,0.62462,-0.00253,-0.00305,-0.78092,-0.35812,-1.45883,0.02375
153748000000,15.31773,7.56170,-0.61288,0.62325,-0.00236,-0.00307,-0.78202,-0.35722,-1.47029,0.01638
153781000000,15.30632,7.51359,-0.61210,0.62267,-0.00234,-0.00293,-0.78248,-0.34566,-1.45788,0.02337
153847000000,15.28593,7.41818,-0.61063,0.62143,-0.00216,-0.00317,-0.78346,-0.30893,-1.44550,0.02226
153913000000,15.26178,7.32126,-0.61010,0.62082,-0.00233,-0.00301,-0.78395,-0.36592,-1.46850,0.00818
153946000000,15.24996,7.27215,-0.61007,0.62051,-0.00243,-0.00303,-0.78419,-0.35809,-1.48828,0.00070
153979000000,15.23885,7.22333,-0.60984,0.62033,-0.00252,-0.00298,-0.78433,-0.33656,-1.47935,0.00712
154012000000,15.22046,7.17489,-0.60901,0.62032,-0.00207,-0.00277,-0.78434,-0.55732,-1.46796,0.02499
154078000000,15.19702,7.07656,-0.60833,0.62047,-0.00197,-0.00279,-0.78422,-0.35520,-1.48987,0.01030
154111000000,15.18559,7.02843,-0.60807,0.62051,-0.00205,-0.00275,-0.78419,-0.34641,-1.45830,0.00783
154144000000,15.17445,6.98033,-0.60793,0.62050,-0.00211,-0.00278,-0.78420,-0.33740,-1.45769,0.00422
154177000000,15.16713,6.93185,-0.60663,0.62017,-0.00193,-0.00278,-0.78446,-0.22192,-1.46896,0.03939
154210000000,15.15515,6.88434,-0.60616,0.62038,-0.00184,-0.00290,-0.78429,-0.36315,-1.43990,0.01433
154276000000,15.13222,6.78836,-0.60543,0.62040,-0.00189,-0.00289,-0.78428,-0.34744,-1.45424,0.01109
154309000000,15.11995,6.74026,-0.60472,0.62055,-0.00170,-0.00286,-0.78416,-0.37167,-1.45745,0.02144
154342000000,15.10888,6.69209,-0.60435,0.62056,-0.00169,-0.00284,-0.78415,-0.33538,-1.45971,0.01126
154408000000,15.09120,6.59440,-0.60387,0.62073,-0.00187,-0.00294,-0.78402,-0.26787,-1.48013,0.00730
154474000000,15.06812,6.49838,-0.60319,0.62076,-0.00190,-0.00286,-0.78400,-0.34978,-1.45484,0.01026
154507000000,15.05707,6.45012,-0.60293,0.62087,-0.00186,-0.00286,-0.78391,-0.33483,-1.46243,0.00800
154573000000,15.03478,6.35289,-0.60183,0.62159,-0.00184,-0.00283,-0.78333,-0.33766,-1.47328,0.01657
154639000000,15.01038,6.25418,-0.60001,0.62266,-0.00128,-0.00293,-0.78249,-0.36972,-1.49553,0.02770
154705000000,14.98919,6.15571,-0.59898,0.62410,-0.00122,-0.00287,-0.78134,-0.32110,-1.49192,0.01550
154738000000,14.97964,6.10726,-0.59850,0.62443,-0.00118,-0.00277,-0.78108,-0.28945,-1.46846,0.01452
154771000000,14.96935,6.05904,-0.59829,0.62485,-0.00122,-0.00278,-0.78074,-0.31188,-1.46116,0.00650
154804000000,14.95683,6.01105,-0.59875,0.62531,-0.00130,-0.00305,-0.78037,-0.37919,-1.45415,-0.01383
154870000000,14.93685,5.91499,-0.59791,0.62618,-0.00125,-0.00307,-0.77967,-0.30272,-1.45546,0.01266
154936000000,14.91729,5.81812,-0.59706,0.62676,-0.00122,-0.00300,-0.77920,-0.29639,-1.46775,0.01295
154969000000,14.90711,5.76989,-0.59716,0.62716,-0.00136,-0.00307,-0.77888,-0.30835,-1.46155,-0.00324
155035000000,14.88771,5.67323,-0.59651,0.62763,-0.00128,-0.00307,-0.77851,-0.29398,-1.46452,0.00985
155068000000,14.87726,5.62466,-0.59616,0.62825,-0.00131,-0.00300,-0.77800,-0.31659,-1.47191,0.01079
155101000000,14.86736,5.57629,-0.59600,0.62851,-0.00124,-0.00317,-0.77779,-0.30006,-1.46573,0.00488
155134000000,14.85740,5.52779,-0.59617,0.62883,-0.00140,-0.00316,-0.77753,-0.30188,-1.46960,-0.00537
155200000000,14.83811,5.43254,-0.59544,0.62916,-0.00135,-0.00314,-0.77727,-0.29232,-1.44319,0.01104
155266000000,14.81730,5.33945,-0.59404,0.62904,-0.00091,-0.00318,-0.77736,-0.31529,-1.41041,0.02135
155299000000,14.80678,5.29256,-0.59384,0.62863,-0.00102,-0.00314,-0.77770,-0.31879,-1.42084,0.00583
155365000000,14.78453,5.20128,-0.59321,0.62734,-0.00097,-0.00328,-0.77874,-0.33712,-1.38311,0.00960
155398000000,14.77361,5.15500,-0.59296,0.62617,-0.00106,-0.00322,-0.77968,-0.33084,-1.40238,0.00758
155431000000,14.76063,5.10642,-0.59280,0.62457,-0.00063,-0.00375,-0.78096,-0.39335,-1.47223,0.00478
155464000000,14.74843,5.06178,-0.59244,0.62284,-0.00067,-0.00374,-0.78234,-0.36977,-1.35273,0.01086
155497000000,14.73574,5.01691,-0.59229,0.62060,-0.00071,-0.00379,-0.78412,-0.38459,-1.35952,0.00471
155530000000,14.72180,4.97238,-0.59201,0.61824,-0.00069,-0.00374,-0.78598,-0.42228,-1.34951,0.00855
155596000000,14.69176,4.88451,-0.59076,0.61188,-0.00047,-0.00369,-0.79094,-0.45512,-1.33143,0.01889
155662000000,14.65734,4.79653,-0.59054,0.60330,-0.00037,-0.00372,-0.79750,-0.52160,-1.33303,0.00329
155695000000,14.63821,4.75349,-0.59031,0.59840,-0.00029,-0.00379,-0.80119,-0.57952,-1.30409,0.00711
155728000000,14.61870,4.71099,-0.59019,0.59303,-0.00033,-0.00378,-0.80517,-0.59122,-1.28776,0.00365
155761000000,14.59825,4.66602,-0.59157,0.58731,-0.00044,-0.00377,-0.80935,-0.61974,-1.36284,-0.04197
155794000000,14.57648,4.62378,-0.59112,0.58144,-0.00037,-0.00376,-0.81358,-0.65962,-1.27987,0.01360
155827000000,14.55380,4.58119,-0.59087,0.57521,-0.00035,-0.00371,-0.81800,-0.68740,-1.29088,0.00761
155860000000,14.52961,4.53918,-0.59043,0.56893,-0.00028,-0.00367,-0.82238,-0.73294,-1.27281,0.01349
155893000000,14.50454,4.49639,-0.59004,0.56248,-0.00014,-0.00363,-0.82680,-0.75988,-1.29668,0.01180
155959000000,14.44978,4.41172,-0.58909,0.54862,0.00018,-0.00365,-0.83606,-0.82965,-1.28292,0.01443
156025000000,14.39097,4.32912,-0.58849,0.53337,0.00035,-0.00364,-0.84587,-0.89108,-1.25147,0.00896
156058000000,14.35999,4.28712,-0.58870,0.52407,0.00040,-0.00371,-0.85167,-0.93888,-1.27295,-0.00611
156124000000,14.29422,4.20833,-0.58838,0.50534,0.00060,-0.00372,-0.86291,-0.99647,-1.19373,0.00476
156157000000,14.25889,4.17021,-0.58823,-0.49494,-0.00077,0.00387,0.86892,-1.07046,-1.15522,0.00449
156190000000,14.22273,4.13266,-0.58812,-0.48368,-0.00086,0.00377,0.87524,-1.09583,-1.13782,0.00336
156223000000,14.18528,4.09704,-0.58812,-0.47180,-0.00099,0.00384,0.88169,-1.13493,-1.07940,0.00000
156289000000,14.10972,4.02638,-0.59185,-0.44374,0.00033,0.00410,0.89615,-1.14490,-1.07056,-0.05651
156322000000,14.06916,3.99552,-0.59175,-0.42960,0.00017,0.00412,0.90301,-1.22891,-0.93527,0.00307
156355000000,14.02667,3.96691,-0.59157,-0.41480,0.00012,0.00415,0.90990,-1.28752,-0.86685,0.00545
156421000000,13.93893,3.91457,-0.59121,-0.38279,-0.00014,0.00415,0.92383,-1.32941,-0.79301,0.00548
156454000000,13.89394,3.89149,-0.59098,-0.36676,-0.00024,0.00404,0.93031,-1.36349,-0.69961,0.00702
156487000000,13.84836,3.87055,-0.59094,-0.35094,-0.00032,0.00397,0.93639,-1.38112,-0.63434,0.00107
156520000000,13.80018,3.85038,-0.59181,-0.33580,-0.00075,0.00392,0.94192,-1.45996,-0.61128,-0.02645
156586000000,13.70503,3.81737,-0.59185,-0.30537,-0.00094,0.00392,0.95223,-1.44168,-0.50022,-0.00053
156619000000,13.65640,3.80330,-0.59208,-0.29049,-0.00097,0.00396,0.95687,-1.47372,-0.42613,-0.00700
156685000000,13.55748,3.77894,-0.59211,-0.26175,-0.00110,0.00400,0.96513,-1.49876,-0.36917,-0.00038
156751000000,13.45740,3.75784,-0.59228,-0.23633,-0.00123,0.00393,0.97166,-1.51633,-0.31966,-0.00257
156784000000,13.40681,3.74916,-0.59252,-0.22392,-0.00132,0.00402,0.97460,-1.53319,-0.26313,-0.00748
156817000000,13.35479,3.74025,-0.59256,-0.21186,-0.00148,0.00366,0.97729,-1.57639,-0.26998,-0.00120
156850000000,13.30448,3.73417,-0.59244,-0.20005,-0.00150,0.00351,0.97978,-1.52432,-0.18420,0.00363
156916000000,13.20199,3.72392,-0.59273,-0.17739,-0.00149,0.00347,0.98413,-1.55287,-0.15524,-0.00432
156982000000,13.09846,3.71583,-0.59271,-0.15638,-0.00160,0.00341,0.98769,-1.56865,-0.12264,0.00032
157015000000,13.04526,3.71278,-0.59287,-0.14650,-0.00168,0.00342,0.98920,-1.61220,-0.09232,-0.00508
157048000000,12.98965,3.71045,-0.59339,-0.13673,-0.00126,0.00384,0.99060,-1.68523,-0.07078,-0.01559
157114000000,12.88248,3.70697,-0.59371,-0.11874,-0.00127,0.00390,0.99292,-1.62380,-0.05269,-0.00485
157180000000,12.77564,3.70576,-0.59413,-0.10162,-0.00136,0.00380,0.99481,-1.61872,-0.01832,-0.00635
157213000000,12.72254,3.70613,-0.59447,-0.09321,-0.00133,0.00385,0.99564,-1.60928,0.01107,-0.01042
157246000000,12.67073,3.70576,-0.59305,-0.08506,-0.00139,0.00375,0.99637,-1.56981,-0.01095,0.04306
157312000000,12.56500,3.70908,-0.59331,-0.06934,-0.00141,0.00368,0.99759,-1.60194,0.05027,-0.00396
157345000000,12.51204,3.71194,-0.59366,-0.06189,-0.00140,0.00379,0.99807,-1.60495,0.08652,-0.01061
157411000000,12.40647,3.71819,-0.59431,-0.04704,-0.00137,0.00387,0.99888,-1.59960,0.09474,-0.00975
157444000000,12.35641,3.72215,-0.59291,-0.03987,-0.00121,0.00380,0.99920,-1.51686,0.12011,0.04238
157510000000,12.25048,3.73083,-0.59339,-0.02649,-0.00130,0.00367,0.99964,-1.60502,0.13144,-0.00732
157576000000,12.14165,3.74093,-0.59446,-0.01393,-0.00125,0.00360,0.99990,-1.64890,0.15306,-0.01626
157609000000,12.08744,3.74660,-0.59447,-0.00826,-0.00134,0.00369,0.99996,-1.64272,0.17184,-0.00003
157642000000,12.03265,3.75233,-0.59387,-0.00279,-0.00120,0.00350,0.99999,-1.66023,0.17363,0.01806
157708000000,11.92614,3.76459,-0.59422,0.00672,-0.00122,0.00362,0.99997,-1.61379,0.18575,-0.00528
157741000000,11.87363,3.77076,-0.59442,0.01100,-0.00122,0.00369,0.99993,-1.59131,0.18688,-0.00609
157807000000,11.77081,3.78305,-0.59423,0.01892,-0.00104,0.00417,0.99981,-1.55784,0.18628,0.00288
157840000000,11.72036,3.78891,-0.59433,0.02272,-0.00098,0.00421,0.99973,-1.52888,0.17761,-0.00321
157873000000,11.80769,3.75931,-0.50134,0.02410,-0.00023,0.00409,0.99970,2.64627,-0.89710,2.81805
157939000000,11.70701,3.77179,-0.50311,0.03097,0.00006,0.00422,0.99951,-1.52542,0.18911,-0.02684
158005000000,11.60657,3.78583,-0.50395,0.03732,0.00010,0.00413,0.99929,-1.52178,0.21276,-0.01267
158104000000,11.45706,3.80709,-0.50445,0.04600,0.00003,0.00413,0.99893,-1.51022,0.21469,-0.00508
158137000000,11.40826,3.81497,-0.50464,0.04875,0.00015,0.00427,0.99880,-1.47883,0.23884,-0.00571
158203000000,11.30824,3.83010,-0.50484,0.05397,0.00021,0.00436,0.99853,-1.51545,0.22927,-0.00308
158269000000,11.20819,3.84651,-0.50536,0.05875,0.00018,0.00410,0.99826,-1.51597,0.24859,-0.00793
158302000000,11.15778,3.85535,-0.50539,0.06096,0.00011,0.00427,0.99813,-1.52758,0.26777,-0.00072
158401000000,11.00391,3.88042,-0.50602,0.06677,0.00017,0.00451,0.99776,-1.55419,0.25332,-0.00634
158434000000,10.95178,3.88833,-0.50629,0.06840,0.00020,0.00450,0.99765,-1.57983,0.23955,-0.00845
158500000000,10.84822,3.90629,-0.50783,0.07050,0.00027,0.00448,0.99750,-1.56910,0.27211,-0.02324
158533000000,10.79446,3.91534,-0.50843,0.07126,0.00021,0.00439,0.99745,-1.62902,0.27418,-0.01835
158566000000,10.74100,3.92379,-0.50888,0.07143,0.00023,0.00446,0.99744,-1.61995,0.25607,-0.01341
158632000000,10.63339,3.93922,-0.51004,0.07081,0.00016,0.00444,0.99748,-1.63039,0.23391,-0.01761
158665000000,10.57921,3.94570,-0.51251,0.06990,0.00020,0.00440,0.99754,-1.64200,0.19611,-0.07484
158698000000,10.52404,3.95152,-0.51475,0.06833,0.00036,0.00446,0.99765,-1.67185,0.17660,-0.06798
158764000000,10.38398,3.93385,-0.54122,0.06429,0.00112,0.00439,0.99792,-2.12216,-0.26773,-0.40109
158863000000,10.22141,3.94168,-0.54132,0.05341,0.00133,0.00447,0.99856,-1.64202,0.07906,-0.00101
158896000000,10.16755,3.94166,-0.54210,0.04957,0.00147,0.00439,0.99876,-1.63231,-0.00058,-0.02364
158962000000,10.06270,3.94133,-0.54232,0.04085,0.00148,0.00432,0.99916,-1.58858,-0.00501,-0.00329
159028000000,9.96059,3.93992,-0.54576,0.03233,0.00126,0.00425,0.99947,-1.54712,-0.02141,-0.05204
159061000000,9.91105,3.93951,-0.54634,0.02923,0.00146,0.00436,0.99956,-1.50134,-0.01243,-0.01764
159127000000,9.81399,3.93892,-0.54676,0.02330,0.00174,0.00439,0.99972,-1.47059,-0.00896,-0.00638
159193000000,9.71174,3.93563,-0.56006,0.01775,0.00213,0.00464,0.99983,-1.54929,-0.04974,-0.20146
159259000000,9.61443,3.93233,-0.56009,0.01254,0.00228,0.00447,0.99991,-1.47439,-0.05001,-0.00053
159325000000,9.51800,3.92860,-0.55916,0.00786,0.00220,0.00444,0.99996,-1.46099,-0.05657,0.01415
159391000000,9.42096,3.92440,-0.55833,0.00342,0.00215,0.00436,0.99998,-1.47038,-0.06369,0.01248
159424000000,9.37206,3.92239,-0.55819,0.00126,0.00230,0.00436,0.99999,-1.48161,-0.06069,0.00449
159490000000,9.31193,3.94326,-0.58287,-0.00355,0.00288,0.00497,0.99998,-0.91105,0.31610,-0.37406
159523000000,9.26456,3.94125,-0.58244,-0.00555,0.00287,0.00503,0.99997,-1.43545,-0.06066,0.01323
159556000000,9.21683,3.93907,-0.58237,-0.00735,0.00296,0.00493,0.99996,-1.44649,-0.06633,0.00201
159622000000,9.11919,3.93345,-0.58207,-0.01084,0.00304,0.00496,0.99992,-1.47938,-0.08512,0.00454
159655000000,9.06970,3.93018,-0.58160,-0.01249,0.00300,0.00495,0.99991,-1.49964,-0.09897,0.01440
159688000000,9.02030,3.92745,-0.58139,-0.01406,0.00297,0.00487,0.99988,-1.49710,-0.08263,0.00616
159754000000,8.92278,3.92132,-0.58074,-0.01708,0.00294,0.00499,0.99984,-1.47752,-0.09299,0.00986
159820000000,8.82533,3.91404,-0.57964,-0.01976,0.00293,0.00495,0.99979,-1.47661,-0.11028,0.01665
159886000000,8.72747,3.90694,-0.57898,-0.02244,0.00295,0.00486,0.99973,-1.48260,-0.10758,0.01001
159919000000,8.67796,3.90344,-0.57882,-0.02363,0.00298,0.00491,0.99970,-1.50051,-0.10615,0.00488
159952000000,8.62899,3.89969,-0.57868,-0.02475,0.00306,0.00493,0.99968,-1.48389,-0.11361,0.00435
159985000000,8.57914,3.89579,-0.57849,-0.02605,0.00300,0.00481,0.99964,-1.51068,-0.11797,0.00567
160051000000,8.48082,3.88784,-0.57784,-0.02816,0.00298,0.00483,0.99959,-1.48965,-0.12054,0.00985
160117000000,8.38200,3.87963,-0.57727,-0.03005,0.00299,0.00487,0.99953,-1.49723,-0.12439,0.00859
160150000000,8.33301,3.87536,-0.57694,-0.03104,0.00303,0.00474,0.99950,-1.48476,-0.12947,0.01006
160183000000,8.28433,3.87118,-0.57647,-0.03200,0.00305,0.00470,0.99947,-1.47496,-0.12641,0.01441
160216000000,8.23616,3.86695,-0.57584,-0.03297,0.00299,0.00476,0.99944,-1.45964,-0.12824,0.01884
160249000000,8.18747,3.86395,-0.57543,-0.03423,0.00300,0.00482,0.99940,-1.47565,-0.09087,0.01270
160315000000,8.08928,3.85509,-0.57467,-0.03562,0.00302,0.00484,0.99935,-1.48762,-0.13429,0.01144
160348000000,8.04045,3.85005,-0.57427,-0.03636,0.00307,0.00494,0.99932,-1.47987,-0.15277,0.01201
160381000000,7.99160,3.84584,-0.57358,-0.03719,0.00297,0.00494,0.99929,-1.48039,-0.12739,0.02115
160447000000,7.89326,3.83679,-0.57279,-0.03857,0.00291,0.00493,0.99924,-1.49001,-0.13726,0.01186
160480000000,7.84449,3.83271,-0.57258,-0.03939,0.00302,0.00498,0.99921,-1.47786,-0.12358,0.00651
160546000000,7.74578,3.82294,-0.57218,-0.04064,0.00306,0.00497,0.99916,-1.49553,-0.14801,0.00597
160579000000,7.69691,3.81806,-0.57182,-0.04111,0.00308,0.00495,0.99914,-1.48083,-0.14794,0.01097
160645000000,7.59981,3.80808,-0.57081,-0.04221,0.00299,0.00483,0.99909,-1.47133,-0.15119,0.01527
160678000000,7.54981,3.80386,-0.57081,-0.04294,0.00307,0.00499,0.99906,-1.51490,-0.12788,0.00001
160711000000,7.50116,3.79837,-0.57034,-0.04357,0.00303,0.00493,0.99903,-1.47442,-0.16626,0.01430
160777000000,7.40380,3.78818,-0.56970,-0.04439,0.00305,0.00481,0.99900,-1.47506,-0.15447,0.00979
160810000000,7.35474,3.78309,-0.56955,-0.04483,0.00309,0.00485,0.99898,-1.48685,-0.15407,0.00429
160843000000,7.30561,3.77830,-0.56930,-0.04541,0.00309,0.00491,0.99895,-1.48882,-0.14534,0.00766
160876000000,7.25686,3.77381,-0.56835,-0.04591,0.00300,0.00489,0.99893,-1.47721,-0.13591,0.02890
160909000000,7.20805,3.76858,-0.56791,-0.04633,0.00298,0.00479,0.99891,-1.47916,-0.15856,0.01314
160942000000,7.15918,3.76393,-0.56774,-0.04693,0.00306,0.00490,0.99888,-1.48078,-0.14099,0.00521
160975000000,7.11061,3.75935,-0.56718,-0.04742,0.00304,0.00496,0.99886,-1.47187,-0.13880,0.01698
161008000000,7.06176,3.75391,-0.56667,-0.04760,0.00298,0.00495,0.99885,-1.48029,-0.16460,0.01556
161074000000,6.96527,3.74377,-0.56575,-0.04802,0.00298,0.00493,0.99883,-1.46190,-0.15371,0.01394
161107000000,6.91693,3.73936,-0.56629,-0.04782,0.00314,0.00500,0.99884,-1.46489,-0.13359,-0.01656
161173000000,6.82274,3.73015,-0.56519,-0.04665,0.00295,0.00498,0.99889,-1.42722,-0.13958,0.01668
161206000000,6.77475,3.72618,-0.56519,-0.04606,0.00309,0.00498,0.99892,-1.45417,-0.12033,0.00017
161239000000,6.72643,3.72228,-0.56473,-0.04552,0.00304,0.00491,0.99895,-1.46437,-0.11823,0.01399
161272000000,6.67832,3.71878,-0.56440,-0.04525,0.00304,0.00497,0.99896,-1.45773,-0.10600,0.00977
161338000000,6.57976,3.70978,-0.56413,-0.04483,0.00316,0.00499,0.99898,-1.49327,-0.13632,0.00413
161404000000,6.48210,3.70110,-0.56320,-0.04440,0.00311,0.00490,0.99900,-1.47984,-0.13159,0.01419
161437000000,6.43295,3.69681,-0.56266,-0.04426,0.00307,0.00489,0.99900,-1.48934,-0.12986,0.01636
161503000000,6.33540,3.68834,-0.56165,-0.04394,0.00307,0.00489,0.99902,-1.47792,-0.12837,0.01523
161536000000,6.28699,3.68324,-0.56207,-0.04355,0.00325,0.00465,0.99904,-1.46707,-0.15433,-0.01284
161569000000,6.23764,3.67971,-0.56146,-0.04359,0.00317,0.00469,0.99903,-1.49556,-0.10725,0.01869
161635000000,6.13966,3.67166,-0.56028,-0.04337,0.00302,0.00481,0.99904,-1.48455,-0.12194,0.01779
161668000000,6.09109,3.66775,-0.55976,-0.04322,0.00295,0.00475,0.99905,-1.47185,-0.11836,0.01589
161734000000,5.99369,3.65881,-0.55893,-0.04291,0.00300,0.00464,0.99906,-1.47577,-0.13552,0.01252
161800000000,5.89505,3.65103,-0.55872,-0.04276,0.00308,0.00469,0.99907,-1.49451,-0.11785,0.00318
161833000000,5.84662,3.64767,-0.55818,-0.04253,0.00301,0.00471,0.99908,-1.46753,-0.10176,0.01649
161866000000,5.79831,3.64368,-0.55781,-0.04181,0.00301,0.00464,0.99911,-1.46393,-0.12091,0.01107
161899000000,5.74957,3.63968,-0.55737,-0.04121,0.00294,0.00460,0.99914,-1.47684,-0.12120,0.01330
161932000000,5.70123,3.63573,-0.55744,-0.04065,0.00314,0.00449,0.99916,-1.46493,-0.11979,-0.00194
161998000000,5.60200,3.62805,-0.55648,-0.03990,0.00297,0.00448,0.99919,-1.50345,-0.11632,0.01453
162064000000,5.50294,3.62088,-0.55563,-0.03938,0.00290,0.00443,0.99921,-1.50089,-0.10860,0.01282
162130000000,5.40496,3.61418,-0.55498,-0.03904,0.00300,0.00440,0.99922,-1.48465,-0.10162,0.00984
162163000000,5.35672,3.61052,-0.55438,-0.03869,0.00293,0.00445,0.99924,-1.46182,-0.11086,0.01839
162229000000,5.25819,3.60314,-0.55335,-0.03810,0.00287,0.00440,0.99926,-1.49290,-0.11176,0.01560
162262000000,5.20864,3.59970,-0.55315,-0.03801,0.00288,0.00433,0.99926,-1.50155,-0.10427,0.00611
162295000000,5.15951,3.59529,-0.55283,-0.03754,0.00288,0.00414,0.99928,-1.48858,-0.13351,0.00959
162328000000,5.11029,3.59213,-0.55233,-0.03743,0.00287,0.00427,0.99929,-1.49169,-0.09574,0.01518
162361000000,5.06125,3.58863,-0.55213,-0.03728,0.00290,0.00423,0.99929,-1.48581,-0.10623,0.00607
162427000000,4.96451,3.58243,-0.55119,-0.03625,0.00290,0.00428,0.99933,-1.46576,-0.09385,0.01422
162460000000,4.91642,3.57978,-0.55103,-0.03567,0.00296,0.00431,0.99935,-1.45736,-0.08047,0.00478
162493000000,4.86834,3.57728,-0.55079,-0.03482,0.00292,0.00432,0.99938,-1.45713,-0.07567,0.00731
162526000000,4.82064,3.57495,-0.55029,-0.03374,0.00283,0.00442,0.99942,-1.44548,-0.07054,0.01522
162559000000,4.77204,3.57155,-0.55050,-0.03250,0.00303,0.00421,0.99946,-1.47266,-0.10311,-0.00652
162625000000,4.67358,3.56742,-0.54936,-0.03104,0.00294,0.00425,0.99950,-1.49176,-0.06257,0.01735
162691000000,4.57426,3.56298,-0.54841,-0.02955,0.00278,0.00434,0.99955,-1.50487,-0.06730,0.01445
162757000000,4.47465,3.55973,-0.54777,-0.02820,0.00281,0.00437,0.99959,-1.50932,-0.04920,0.00970
162823000000,4.37542,3.55632,-0.54725,-0.02720,0.00278,0.00449,0.99962,-1.50341,-0.05171,0.00784
162856000000,4.32553,3.55449,-0.54730,-0.02661,0.00284,0.00452,0.99963,-1.51182,-0.05546,-0.00152
162922000000,4.22660,3.55085,-0.54650,-0.02553,0.00281,0.00453,0.99966,-1.49889,-0.05519,0.01203
162955000000,4.17738,3.54896,-0.54625,-0.02512,0.00285,0.00442,0.99967,-1.49168,-0.05731,0.00781
163021000000,4.07850,3.54495,-0.54599,-0.02413,0.00289,0.00462,0.99969,-1.49816,-0.06074,0.00394
163087000000,3.97897,3.54100,-0.54534,-0.02307,0.00286,0.00460,0.99972,-1.50796,-0.05986,0.00986
163120000000,3.92932,3.53987,-0.54501,-0.02283,0.00284,0.00470,0.99972,-1.50465,-0.03406,0.00997
163186000000,3.83050,3.53650,-0.54403,-0.02200,0.00274,0.00466,0.99974,-1.49726,-0.05111,0.01481
163219000000,3.78085,3.53452,-0.54389,-0.02143,0.00285,0.00451,0.99976,-1.50452,-0.06010,0.00419
163252000000,3.73228,3.53225,-0.54384,-0.02081,0.00293,0.00451,0.99977,-1.47174,-0.06872,0.00142
163285000000,3.68312,3.53128,-0.54354,-0.02018,0.00291,0.00459,0.99978,-1.48995,-0.02929,0.00937
163351000000,3.58672,3.52941,-0.54296,-0.01884,0.00290,0.00467,0.99981,-1.46052,-0.02842,0.00873
163384000000,3.53953,3.52874,-0.54277,-0.01776,0.00291,0.00476,0.99983,-1.43006,-0.02033,0.00562
163417000000,3.49220,3.52833,-0.54265,-0.01658,0.00296,0.00475,0.99985,-1.43438,-0.01225,0.00374
163450000000,3.44512,3.52823,-0.54206,-0.01499,0.00281,0.00484,0.99987,-1.42659,-0.00302,0.01776
163483000000,3.39754,3.52837,-0.54279,-0.01339,0.00299,0.00473,0.99989,-1.44164,0.00434,-0.02190
163516000000,3.35190,3.52874,-0.54214,-0.01140,0.00291,0.00465,0.99992,-1.38330,0.01095,0.01957
163582000000,3.26000,3.53147,-0.54129,-0.00666,0.00288,0.00468,0.99996,-1.39228,0.04142,0.01295
163615000000,3.21309,3.53363,-0.54103,-0.00401,0.00282,0.00472,0.99998,-1.42163,0.06551,0.00772
163648000000,3.16520,3.53560,-0.54085,-0.00107,0.00284,0.00466,0.99998,-1.45115,0.05975,0.00548
163681000000,3.11720,3.53835,-0.54055,0.00181,0.00285,0.00465,0.99998,-1.45451,0.08314,0.00928
163714000000,3.06829,3.54192,-0.54024,0.00477,0.00276,0.00459,0.99997,-1.48235,0.10813,0.00921
163747000000,3.01912,3.54656,-0.53938,0.00714,0.00273,0.00476,0.99996,-1.48975,0.14064,0.02613
163780000000,2.96888,3.55058,-0.53901,0.00987,0.00268,0.00482,0.99994,-1.52253,0.12206,0.01110
163846000000,2.86816,3.55898,-0.53865,0.01491,0.00267,0.00493,0.99987,-1.52601,0.12725,0.00556
163912000000,2.76753,3.56753,-0.53834,0.01977,0.00260,0.00488,0.99979,-1.52470,0.12947,0.00460
163978000000,2.66634,3.57711,-0.53842,0.02406,0.00270,0.00496,0.99969,-1.53322,0.14516,-0.00119
164011000000,2.61593,3.58224,-0.53803,0.02622,0.00255,0.00493,0.99964,-1.52766,0.15554,0.01172
164077000000,2.51579,3.59205,-0.53791,0.03030,0.00260,0.00489,0.99953,-1.51727,0.14862,0.00186
164110000000,2.46562,3.59721,-0.53769,0.03219,0.00253,0.00482,0.99947,-1.52020,0.15640,0.00675
164143000000,2.41594,3.60267,-0.53717,0.03395,0.00242,0.00488,0.99941,-1.50564,0.16537,0.01563
164176000000,2.36618,3.60790,-0.53748,0.03575,0.00267,0.00499,0.99934,-1.50769,0.15848,-0.00935
164242000000,2.26553,3.62092,-0.53806,0.03900,0.00270,0.00506,0.99922,-1.52503,0.19724,-0.00873
164275000000,2.21612,3.62630,-0.53795,0.04063,0.00271,0.00504,0.99916,-1.49739,0.16304,0.00329
164341000000,2.11735,3.63795,-0.53749,0.04363,0.00275,0.00508,0.99903,-1.49641,0.17658,0.00700
164374000000,2.06750,3.64346,-0.53722,0.04519,0.00267,0.00505,0.99896,-1.51063,0.16697,0.00794
164407000000,2.01816,3.64933,-0.53699,0.04651,0.00272,0.00501,0.99890,-1.49535,0.17791,0.00701
164440000000,1.96797,3.65538,-0.53679,0.04777,0.00275,0.00498,0.99884,-1.52080,0.18337,0.00606
164473000000,1.91813,3.66100,-0.53640,0.04932,0.00272,0.00496,0.99877,-1.51025,0.17032,0.01181
164539000000,1.81872,3.67315,-0.53570,0.05182,0.00261,0.00488,0.99864,-1.50628,0.18403,0.01061
164605000000,1.71926,3.68620,-0.53523,0.05430,0.00262,0.00492,0.99851,-1.50700,0.19773,0.00717
164671000000,1.61661,3.70206,-0.53629,0.05614,0.00267,0.00501,0.99841,-1.55520,0.24034,-0.01610
164737000000,1.51854,3.71610,-0.53553,0.05794,0.00272,0.00509,0.99830,-1.48600,0.21275,0.01159
164770000000,1.46935,3.72270,-0.53537,0.05899,0.00269,0.00512,0.99824,-1.49060,0.19978,0.00489
164836000000,1.37136,3.73617,-0.53483,0.06107,0.00271,0.00513,0.99812,-1.48462,0.20411,0.00815
164869000000,1.32306,3.74308,-0.53437,0.06221,0.00267,0.00515,0.99805,-1.46363,0.20950,0.01377
164902000000,1.27385,3.75093,-0.53420,0.06305,0.00264,0.00512,0.99799,-1.49124,0.23800,0.00542
164935000000,1.22792,3.75726,-0.53410,0.06472,0.00262,0.00486,0.99789,-1.39175,0.19160,0.00286
164968000000,1.18061,3.76488,-0.53384,0.06595,0.00260,0.00481,0.99781,-1.43368,0.23094,0.00788
165001000000,1.13411,3.77321,-0.53365,0.06744,0.00264,0.00483,0.99771,-1.40902,0.25246,0.00565
165034000000,1.08725,3.78173,-0.53367,0.06888,0.00273,0.00492,0.99761,-1.42012,0.25833,-0.00055
165067000000,1.04151,3.79063,-0.53330,0.07088,0.00260,0.00489,0.99747,-1.38619,0.26967,0.01124
165133000000,0.95097,3.80947,-0.53252,0.07537,0.00252,0.00491,0.99714,-1.37183,0.28533,0.01190
165166000000,0.90620,3.81912,-0.53239,0.07805,0.00255,0.00495,0.99693,-1.35642,0.29262,0.00386
165232000000,0.81809,3.84124,-0.53176,0.08456,0.00248,0.00509,0.99640,-1.33503,0.33508,0.00945
165265000000,0.77447,3.85358,-0.53185,0.08829,0.00255,0.00515,0.99608,-1.32183,0.37406,-0.00263
165331000000,0.68981,3.87854,-0.53128,0.09748,0.00253,0.00496,0.99522,-1.28273,0.37812,0.00864
165397000000,0.60523,3.90873,-0.53081,0.10904,0.00249,0.00512,0.99402,-1.28157,0.45745,0.00719
165463000000,0.52088,3.94307,-0.53062,0.12327,0.00242,0.00517,0.99236,-1.27804,0.52036,0.00283
165496000000,0.47983,3.96271,-0.53051,0.13145,0.00234,0.00526,0.99131,-1.24385,0.59519,0.00333
165529000000,0.43870,3.98347,-0.53045,0.14057,0.00229,0.00521,0.99005,-1.24644,0.62893,0.00197
165562000000,0.39808,4.00576,-0.53041,0.15084,0.00221,0.00527,0.98854,-1.23083,0.67548,0.00112
165628000000,0.31738,4.05625,-0.53198,0.17522,0.00225,0.00492,0.98451,-1.22265,0.76507,-0.02387
165661000000,0.27842,4.08540,-0.53196,0.18924,0.00219,0.00517,0.98192,-1.18073,0.88312,0.00078
165694000000,0.23969,4.11613,-0.53167,0.20470,0.00203,0.00512,0.97881,-1.17366,0.93141,0.00860
165760000000,0.16680,4.18278,-0.53186,0.23820,0.00177,0.00512,0.97120,-1.10432,1.00975,-0.00281
165859000000,0.07715,4.28844,-0.53206,0.28850,0.00124,0.00487,0.95747,-0.90563,1.06730,-0.00197
165892000000,0.05167,4.32362,-0.53208,0.30528,0.00107,0.00493,0.95225,-0.77203,1.06619,-0.00082
165925000000,0.02883,4.35939,-0.53219,0.32183,0.00096,0.00499,0.94678,-0.69222,1.08388,-0.00314
165958000000,0.00828,4.39584,-0.53211,0.33873,0.00081,0.00495,0.94087,-0.62247,1.10459,0.00221
165991000000,-0.00984,4.43138,-0.53221,0.35470,0.00077,0.00499,0.93497,-0.54922,1.07696,-0.00298
166024000000,-0.02636,4.46735,-0.53264,0.37070,0.00057,0.00476,0.92874,-0.50070,1.09001,-0.01307
166090000000,-0.05410,4.53907,-0.53343,0.40193,0.00039,0.00469,0.91566,-0.42022,1.08654,-0.01190
166156000000,-0.07441,4.60955,-0.53402,0.43181,0.00018,0.00482,0.90195,-0.30784,1.06800,-0.00902
166189000000,-0.08292,4.64394,-0.53470,0.44602,0.00019,0.00478,0.89501,-0.25773,1.04199,-0.02041
166255000000,-0.09383,4.70876,-0.53496,0.47303,0.00008,0.00494,0.88103,-0.16535,0.98221,-0.00397
166321000000,-0.09898,4.77032,-0.53530,0.49828,0.00012,0.00510,0.86700,-0.07795,0.93262,-0.00514
166354000000,-0.10063,4.79985,-0.53541,0.51024,-0.00004,0.00505,0.86002,-0.04997,0.89482,-0.00333
166420000000,-0.10088,4.85703,-0.53621,0.53266,-0.00018,0.00508,0.84632,-0.00381,0.86638,-0.01215
166486000000,-0.09749,4.91110,-0.53680,0.55280,-0.00027,0.00507,0.83330,0.05126,0.81933,-0.00897
166552000000,-0.09303,4.96153,-0.53718,0.57041,-0.00047,0.00503,0.82135,0.06761,0.76400,-0.00569
166585000000,-0.09087,4.98582,-0.53709,0.57795,-0.00054,0.00511,0.81605,0.06568,0.73616,0.00278
166651000000,-0.08599,5.03133,-0.53759,0.59117,-0.00064,0.00510,0.80653,0.07390,0.68955,-0.00771
166717000000,-0.08059,5.07507,-0.53833,0.60232,-0.00059,0.00501,0.79824,0.08183,0.66270,-0.01122
166750000000,-0.07790,5.09611,-0.53841,0.60724,-0.00059,0.00506,0.79451,0.08146,0.63770,-0.00228
166816000000,-0.07366,5.13385,-0.53870,0.61568,-0.00063,0.00512,0.78798,0.06420,0.57170,-0.00447
166849000000,-0.07227,5.15116,-0.53865,0.61969,-0.00073,0.00497,0.78483,0.04219,0.52455,0.00172
166915000000,-0.06810,5.18635,-0.53897,0.62630,-0.00070,0.00512,0.77957,0.06322,0.53329,-0.00494
166981000000,-0.06456,5.22332,-0.53935,0.63328,-0.00080,0.00511,0.77391,0.05356,0.56003,-0.00576
167014000000,-0.06285,5.24198,-0.53965,0.63691,-0.00079,0.00515,0.77092,0.05184,0.56550,-0.00903
167080000000,-0.05880,5.28094,-0.54018,0.64429,-0.00081,0.00508,0.76477,0.06140,0.59030,-0.00802
167113000000,-0.05662,5.30044,-0.54024,0.64800,-0.00083,0.00508,0.76162,0.06615,0.59103,-0.00185
167146000000,-0.05378,5.32084,-0.54064,0.65147,-0.00072,0.00509,0.75865,0.08595,0.61814,-0.01194
167212000000,-0.04890,5.36346,-0.54120,0.65862,-0.00084,0.00500,0.75246,0.07390,0.64572,-0.00860
167245000000,-0.04661,5.38525,-0.54096,0.66196,-0.00095,0.00512,0.74952,0.06931,0.66039,0.00725
167311000000,-0.04220,5.42550,-0.54128,0.66806,-0.00097,0.00504,0.74409,0.06683,0.60981,-0.00482
167377000000,-0.03694,5.46280,-0.54115,0.67370,-0.00105,0.00511,0.73899,0.07980,0.56515,0.00195
167443000000,-0.03173,5.49580,-0.54149,0.67857,-0.00114,0.00517,0.73452,0.07887,0.50011,-0.00506
167509000000,-0.02733,5.52476,-0.54133,0.68302,-0.00121,0.00505,0.73038,0.06672,0.43868,0.00240
167575000000,-0.02259,5.55523,-0.54177,0.68720,-0.00120,0.00504,0.72645,0.07174,0.46175,-0.00671
167641000000,-0.01800,5.58769,-0.54212,0.69147,-0.00108,0.00503,0.72238,0.06956,0.49181,-0.00527
167674000000,-0.01523,5.60520,-0.54214,0.69362,-0.00113,0.00510,0.72032,0.08389,0.53066,-0.00051
167740000000,-0.00899,5.64255,-0.54289,0.69789,-0.00109,0.00506,0.71619,0.09464,0.56583,-0.01140
167806000000,-0.00298,5.68256,-0.54339,0.70235,-0.00119,0.00503,0.71181,0.09097,0.60623,-0.00751
167839000000,0.00009,5.70387,-0.54350,0.70446,-0.00115,0.00510,0.70972,0.09304,0.64584,-0.00357
167872000000,0.00296,5.72428,-0.54367,0.70651,-0.00120,0.00498,0.70769,0.08694,0.61836,-0.00515
167938000000,0.00942,5.76190,-0.54382,0.71031,-0.00119,0.00494,0.70387,0.09787,0.57004,-0.00227
167971000000,0.01253,5.77973,-0.54367,0.71186,-0.00130,0.00509,0.70230,0.09446,0.54018,0.00480
168037000000,0.01773,5.81251,-0.54381,0.71469,-0.00137,0.00509,0.69942,0.07868,0.49673,-0.00212
168103000000,0.02268,5.84056,-0.54380,0.71707,-0.00132,0.00518,0.69698,0.07511,0.42502,0.00015
168169000000,0.02617,5.86661,-0.54423,0.71902,-0.00120,0.00512,0.69497,0.05285,0.39470,-0.00663
168202000000,0.02770,5.87887,-0.54486,0.71997,-0.00135,0.00500,0.69398,0.04633,0.37151,-0.01891
168268000000,0.03068,5.89804,-0.54482,0.72133,-0.00138,0.00500,0.69258,0.04518,0.29048,0.00060
168301000000,0.03192,5.90652,-0.54488,0.72184,-0.00152,0.00494,0.69204,0.03759,0.25676,-0.00198
168367000000,0.03397,5.92202,-0.54488,0.72283,-0.00144,0.00499,0.69100,0.03101,0.23486,0.00006
168400000000,0.03571,5.92776,-0.54439,0.72320,-0.00140,0.00505,0.69062,0.05286,0.17394,0.01470
168466000000,0.03701,5.93610,-0.54434,0.72365,-0.00138,0.00508,0.69015,0.01966,0.12645,0.00085
168532000000,0.03793,5.94348,-0.54444,0.72404,-0.00140,0.00510,0.68974,0.01392,0.11181,-0.00152
168598000000,0.03829,5.94629,-0.54452,0.72413,-0.00139,0.00510,0.68964,0.00551,0.04258,-0.00122
168664000000,0.03860,5.94618,-0.54451,0.72410,-0.00139,0.00509,0.68967,0.00463,-0.00178,0.00007
168697000000,0.03831,5.94531,-0.54422,0.72413,-0.00142,0.00510,0.68964,-0.00873,-0.02617,0.00903
168763000000,0.03854,5.94515,-0.54420,0.72410,-0.00138,0.00513,0.68968,0.00345,-0.00251,0.00022
168829000000,0.03847,5.94516,-0.54416,0.72412,-0.00142,0.00510,0.68966,-0.00109,0.00027,0.00057
168862000000,0.03855,5.94517,-0.54423,0.72409,-0.00140,0.00508,0.68969,0.00248,0.00026,-0.00213
168928000000,0.03876,5.94515,-0.54426,0.72404,-0.00136,0.00511,0.68974,0.00326,-0.00037,-0.00037
168994000000,0.03853,5.94521,-0.54429,0.72411,-0.00136,0.00509,0.68967,-0.00352,0.00090,-0.00052
169027000000,0.03863,5.94520,-0.54423,0.72408,-0.00137,0.00511,0.68969,0.00312,-0.00035,0.00196
169060000000,0.03861,5.94521,-0.54422,0.72410,-0.00137,0.00510,0.68968,-0.00078,0.00043,0.00010
169126000000,0.03860,5.94520,-0.54419,0.72410,-0.00137,0.00513,0.68968,-0.00017,-0.00010,0.00053
169192000000,0.03913,5.94679,-0.54522,0.72419,-0.00135,0.00502,0.68958,0.00806,0.02399,-0.01557
169291000000,0.03915,5.94650,-0.54513,0.72418,-0.00135,0.00501,0.68959,0.00021,-0.00292,0.00092
169357000000,0.03915,5.94654,-0.54511,0.72418,-0.00136,0.00502,0.68959,0.00000,0.00063,0.00031
169390000000,0.03913,5.94656,-0.54511,0.72419,-0.00136,0.00502,0.68958,-0.00047,0.00062,-0.00012
169456000000,0.03913,5.94660,-0.54514,0.72419,-0.00135,0.00503,0.68959,-0.00002,0.00064,-0.00053
169489000000,0.03918,5.94667,-0.54517,0.72418,-0.00136,0.00503,0.68959,0.00144,0.00205,-0.00064
169555000000,0.03921,5.94663,-0.54515,0.72418,-0.00134,0.00504,0.68959,0.00043,-0.00056,0.00023
169588000000,0.03921,5.94667,-0.54516,0.72417,-0.00135,0.00502,0.68961,-0.00011,0.00117,-0.00042
169687000000,0.03921,5.94671,-0.54523,0.72417,-0.00134,0.00502,0.68961,0.00002,0.00036,-0.00069
169720000000,0.03920,5.94729,-0.54545,0.72418,-0.00130,0.00497,0.68959,-0.00014,0.01754,-0.00646
169753000000,0.03937,5.94704,-0.54535,0.72416,-0.00129,0.00498,0.68961,0.00495,-0.00763,0.00297
169786000000,0.03945,5.94696,-0.54528,0.72415,-0.00128,0.00500,0.68962,0.00267,-0.00224,0.00205
169819000000,0.03943,5.94699,-0.54523,0.72416,-0.00130,0.00502,0.68962,-0.00061,0.00088,0.00150
